img_path,true_label,pred_label,confidence,landmarks
P9/jess_2_frame804.jpg,8,8,0.5070286393165588,0.001643253553506 -0.5328233807128175 -0.4539685150995051 0.9991040825843812 -0.0101352449267303 -0.554261498259943 -0.4106370086934778 0.998077630996704 -0.0114983396422792 -0.5551015523707418 -0.4107015307628301 0.9977157711982728 -0.013101887306953 -0.556020965458821 -0.4108215196356642 0.9981446266174316 -0.0141760583207866 -0.5491195328557855 -0.4739111145677954 0.9985726475715636 -0.0183340885675124 -0.5462177293472197 -0.4739915295527575 0.9985839128494264 -0.0228598206890091 -0.5430735456755097 -0.474104363973548 0.9986264109611512 -0.0328529269817815 -0.5344123026710996 -0.1670057932488938 0.9956708550453186 -0.0409303297391672 -0.5210142580098115 -0.4392063989155624 0.997980773448944 -0.0019511853934921 -0.5066315653859067 -0.358832545452689 0.9983810782432556 -0.0062676167924742 -0.4988932994955016 -0.4413325647819137 0.9980378746986388 -0.0181529832500995 -0.4147247616289859 0.1544514459249064 0.9992651343345642 -0.0287350250269606 -0.3839000030006931 -0.5741406580667546 0.9996655583381652 0.0600875762945712 -0.3774108885969806 0.4328385405939021 0.5539917945861816 0.1149018726297646 -0.3613263603934268 -0.6569334027253488 0.9923339486122132 0.1271693026666319 -0.4150507512003292 0.437454719773337 0.6903429627418518 0.2375460767795089 -0.468920052661354 -0.5565697462508127 0.9818002581596376 0.1461484007261317 -0.4490885452011794 0.4423466225584659 0.6739060878753662 0.2604838308354281 -0.4893312819385944 -0.6204078394277386 0.963997483253479 0.1483881930190347 -0.4352561381802127 0.3775831762502512 0.6880189180374146 0.2531464782613835 -0.4997791579394945 -0.6185731316815388 0.9633741974830629 0.1419118035078868 -0.4231790007275892 0.4062980579306832 0.6890437006950378 0.2468523556760983 -0.488153912574066 -0.5526561289820181 0.9409875273704528 0.0287346026238879 -0.0026115333970563 0.2117270849646251 0.9996159076690674 -0.0287346026238879 0.0026115333970563 -0.2120101346236109 0.9991865158081056 0.0460998041434331 0.2793456328416822 0.1633737472283307 0.9091097116470336 -0.0192827002679909 0.2906085883717086 -0.3091663129660149 0.9910709261894226 0.003557267476602 0.5531839480215279 0.4965623209392831 0.9616315960884094 -0.1985747468906784 0.4892723567099551 -0.0046870228572725 0.9913280010223388 -0.0309314154041454 0.5941549340564409 0.5206698147042303 0.9232327938079834 -0.2357346012023067 0.4680948618586752 0.0243150042244389 0.9431036710739136 0.0734694112379451 0.6577728496317307 0.3942193628667292 0.9635624289512634 -0.2053794491900694 0.6526130904981364 -0.1096776376271541 0.9884625673294068
P7/jess_1_frame380.jpg,6,6,0.8864479064941406,-0.1516498210021883 -0.4440344234986905 -1.7675537382081985 0.9841182827949524 -0.1458419640334813 -0.4897642277593377 -1.7552860929716516 0.9880757927894592 -0.1332059369398487 -0.4986095564776245 -1.755210686380506 0.9883586168289183 -0.120526912594758 -0.5080956152591165 -1.7554314830771822 0.9883801937103271 -0.1767537598098792 -0.4770192549272136 -1.730742538762542 0.9867852926254272 -0.1859666633797816 -0.4762278730828115 -1.7310854838072038 0.9855971932411194 -0.1951778883783057 -0.4754227075849766 -1.73136606346912 0.984695553779602 -0.0980620753562845 -0.5340897456609939 -1.429054970885651 0.9856324791908264 -0.202338028273497 -0.4875050320853221 -1.3173634769820046 0.9841215014457704 -0.1174094181827424 -0.4293466656973488 -1.6237532397728438 0.9890766739845276 -0.157028996665068 -0.4182486941894652 -1.5916361006259951 0.988182246685028 0.0417210852874431 -0.4460822805801421 -1.062690240112958 0.9962356090545654 -0.2373078349172253 -0.3296404942365168 -0.859219498961338 0.992454707622528 0.0413765907922783 -0.1511641328299386 -0.9618799560478708 0.9345016479492188 -0.196466902075918 -0.0631157687118516 -0.6910966303761755 0.8975945711135864 -0.0162432124250306 0.097743340475732 -1.201308859582814 0.9109547138214112 -0.126671129443489 0.143633609704095 -0.9373325927729412 0.855715811252594 -0.0227543908012197 0.1839229381663379 -1.309456372823497 0.8808984756469727 -0.1186802258369446 0.2262042143710495 -1.025744690396605 0.786186695098877 -0.0528110190208424 0.1819847047079729 -1.389081601205143 0.8828833699226379 -0.1101985337835782 0.2108979675772644 -1.123163872915024 0.7897661924362183 -0.0531298184618326 0.1551811478193774 -1.232469083923191 0.8499341607093811 -0.1064901822464225 0.1846509216609927 -0.978398195937182 0.7596722841262817 0.0829487351501216 -0.0163836959373017 -0.0155344417131102 0.9914405345916748 -0.0829487351501216 0.0163836959373017 0.015867188226141 0.991300106048584 0.1034695284908438 0.3962267092728775 -0.2668640229046011 0.7804898023605347 -0.1499318677569983 0.3913808028247768 -0.3168128194837956 0.8152292966842651 -0.0018569518673957 0.7922515380573031 0.1844029611601861 0.734785258769989 -0.3280709008769881 0.7701259013581091 -0.1460110800998389 0.7975060343742371 -0.0532904448306425 0.8536019016023106 0.2108246914805605 0.5770025849342346 -0.3254919696356367 0.8120017380145383 -0.1451978929676291 0.5991747379302979 0.0626632000441033 0.934148149187109 -0.1636333196126399 0.7502743601799011 -0.3957993191758028 0.9177166139655274 -0.5582753445236941 0.7889710068702698
P1/rob_1_frame562.jpg,0,0,0.9815877676010132,-0.0300479266154798 -0.4255541550784672 -1.4847726535291017 0.9999226927757264 -0.0169395174641038 -0.4555320611813471 -1.4605718567965524 0.99985271692276 -0.0088017305456431 -0.4579729163872122 -1.4603397635767923 0.999846577644348 -0.0004015261770182 -0.4605306523646352 -1.4604855946654027 0.9998401999473572 -0.0361608596636198 -0.4550504064149276 -1.4615544011163144 0.9998611211776732 -0.0420919454660029 -0.456998811820896 -1.4618204496231937 0.9998546838760376 -0.0481220511663723 -0.4596301502992999 -1.4618066123530091 0.9998387694358826 0.0124075661370351 -0.4728684923990743 -1.1838933823156388 0.9997421503067015 -0.0595814698857705 -0.4696182059557544 -1.1854989963403717 0.9998047351837158 -0.0190849812993652 -0.4105820324655849 -1.3598863832812795 0.9998369216918944 -0.0419585777342253 -0.4083192953120937 -1.3643213755803894 0.99981290102005 0.0681208320495834 -0.3736601720101557 -0.8637702956056937 0.999736189842224 -0.1068177885553378 -0.3465819100359223 -0.807029636916119 0.9998093843460084 0.0455917934559823 -0.0702531946396703 -0.7427692069746538 0.9362481236457824 -0.0735375835751114 -0.0585368541235145 -0.6438495555945826 0.9429523944854736 -0.0008137001825116 0.1740099533158773 -0.8991876228044038 0.9037979245185852 -0.0642289280710453 0.1946017740836592 -0.8182524481290303 0.9220643639564514 -0.0064873735047972 0.2539428582012258 -0.9779736044511328 0.8491358160972595 -0.0709167457201808 0.285130887556901 -0.883648564660632 0.8776967525482178 -0.0217857024020272 0.252932639341095 -1.0428132860753183 0.8549433946609497 -0.0621694319569296 0.2866237425501312 -0.9675010480648876 0.8835741877555847 -0.0209543866876141 0.2241530800908533 -0.9251300509834988 0.8304803967475891 -0.0581525018633918 0.2556722225642749 -0.8535069665955705 0.8700497150421143 0.0555198876083043 -0.0004519193560231 -0.0299663658440802 0.9999037981033324 -0.0555198876083043 0.0004519193560231 0.0298093165076121 0.9999227523803712 0.0651593618201129 0.4250682804353248 -0.1668010790281305 0.9525930881500244 -0.079961707997399 0.4308171264452789 0.0082310382204327 0.9582501649856568 0.0686819775170624 0.8497658986757094 0.0562082427316454 0.962781012058258 -0.1054699795573742 0.8575769886264825 0.192311804004805 0.9714268445968628 0.0467643303649432 0.9202105579545984 0.0594090069588886 0.8854855895042419 -0.0825419172717882 0.9358998633370392 0.1930696889574061 0.8718229532241821 0.0989290725001967 0.9882255496077712 -0.2472059476839361 0.9629724621772766 -0.1571650395997011 0.987572351945732 -0.1047871446216067 0.9674040675163268
P6/rorymcilroy_frame224.jpg,5,5,0.9959877133369446,-0.2892014840681458 -0.3780845009081677 -2.2040272269180456 0.9875614643096924 -0.2959027101635825 -0.4084180413068388 -2.2595269444324595 0.98710960149765 -0.2790797744324593 -0.4133912937928698 -2.259360899261974 0.9871426820755004 -0.2610091513347077 -0.4182162329476959 -2.2595992809423744 0.9868074059486388 -0.3299863584260916 -0.4028666251737871 -2.165708135084756 0.9862905740737916 -0.3377463279848245 -0.4039574268630682 -2.166134873521492 0.9861552715301514 -0.3445672146380585 -0.4050589146276775 -2.166938325470901 0.9864803552627563 -0.2110825156775003 -0.4420567495757332 -2.065833491619684 0.9843938946723938 -0.3299559442116957 -0.4256832161553947 -1.606308531764157 0.9843505024909972 -0.2181896952060133 -0.3731831152144544 -2.075526583948246 0.9851237535476683 -0.2662809093535359 -0.3663936409255098 -1.951310117749901 0.9848464131355286 0.0886749319446181 -0.3933897203691743 -2.082402310130912 0.9853398203849792 -0.3831125929236307 -0.3504560054350465 -0.9214789468337558 0.9853702783584596 0.0202146490685658 -0.1462347134094094 -1.8199754336595169 0.9245648980140686 -0.3774355860481217 -0.169411225499602 -1.1091372331034255 0.8550825119018555 -0.2757935126955091 0.026026053891473 -2.17680333443991 0.90315979719162 -0.3880314755978264 0.0160291717071491 -1.6008145973220196 0.811364471912384 -0.3336293706778481 0.0751218765492549 -2.3490006311505183 0.8791100382804871 -0.4510551882932564 0.0791359657025216 -1.7319293361476795 0.7556226849555969 -0.3867375210479085 0.0568974209385355 -2.426512489547237 0.8808465003967285 -0.4319894097518821 0.0605741354278659 -1.879746528140871 0.7613388895988464 -0.3431243596099396 0.0351553676744181 -2.2107359684950323 0.8467996120452881 -0.4063225136778992 0.0428276174719396 -1.6733598967084626 0.7355509400367737 0.1358351658151872 -0.0076429511624181 -0.1811344666390926 0.9812079668045044 -0.1358351658151872 0.0076429511624181 0.1808179944082161 0.9811751246452332 0.1464804931419603 0.3119634703791197 -0.2634509195472242 0.9440149068832396 -0.30231916996593 0.3181214680738014 -0.1352905576189914 0.9529527425765992 0.1506527596959656 0.587424775304258 0.3701259288780172 0.9417839050292968 -0.5312498974590744 0.6429579601974471 0.2256216844527469 0.9479584097862244 0.1472305147147279 0.5976454779234801 0.4028742287273861 0.7925881743431091 -0.5309151649566203 0.6647134004130747 0.2337297441080943 0.8287228941917419 0.0781241352842107 0.7241470028010932 -0.2044645176687551 0.9319718480110168 -0.6326676219444921 0.6983711322446415 -0.4863998228018547 0.9313710927963256
P3/video1_frame710.jpg,2,2,0.9669225215911865,-0.0467097179548797 -0.4704447413238695 -0.5732394812150394 0.9954076409339904 -0.0351396459648196 -0.4890239660074915 -0.5842471258986149 0.9911789298057556 -0.0295237025854757 -0.4867723826023153 -0.5843581189579261 0.9902970194816588 -0.0238737463236661 -0.4851680157606272 -0.5844044875405526 0.9907737374305724 -0.0492987230369237 -0.4987146527062131 -0.5446932325161743 0.9900693297386168 -0.0535179863997571 -0.5024056057660964 -0.5448367113489424 0.9856935143470764 -0.0578506723135065 -0.5064613990509576 -0.5450232268901364 0.9868972897529602 -0.0096429645422009 -0.4828984541175763 -0.4697829825177762 0.9851025938987732 -0.0541313983229172 -0.5101134802451658 -0.2912058745561721 0.9763160347938538 -0.0336140640651691 -0.4466027519261788 -0.5165456286826151 0.9906222224235536 -0.0535679645127678 -0.457536505357949 -0.4655322051781277 0.9913017153739928 0.0434726633407974 -0.3800274628970422 -0.4491053365211419 0.9973368048667908 -0.0775845996498124 -0.4192449411062798 -0.0372967438384629 0.9996856451034546 -0.1174516545000968 -0.3138447797112227 -0.6316166590663042 0.9770013689994812 -0.1732531200590975 -0.3579608765500095 0.0565269941813389 0.7757624387741089 -0.2621294760821418 -0.3414986414366641 -0.7689165311291959 0.9660859107971193 -0.2727371917405632 -0.3675357806202564 -0.2097230688590853 0.845806360244751 -0.2989053846427168 -0.3458400735201903 -0.8568676673351303 0.9358534812927246 -0.3059187715930755 -0.3727069187938054 -0.2590233884190635 0.8103381991386414 -0.2996063276776913 -0.3619893207008064 -0.8697160683935298 0.9362567663192748 -0.3026373614036963 -0.3798339365372176 -0.3246393579810673 0.8234826922416687 -0.2868079741463484 -0.3591602818482196 -0.7742783496866897 0.8843221068382263 -0.2897144790741018 -0.3756541697664717 -0.2474708955361145 0.8000708222389221 0.0612328716974572 0.0042317578910861 -0.0545696005176008 0.9989950656890868 -0.0612328716974572 -0.0042317578910861 0.0543288899601109 0.9997447729110718 0.0839198807862806 0.292159415303988 -0.1996725918072213 0.9849125146865844 -0.1107797152412651 0.2539662801693315 -0.2376934933406171 0.9950311779975892 0.0835507368904602 0.571942445061344 0.0652757192627676 0.9928693771362304 -0.1347935738164758 0.5637596396805816 0.0004379837166857 0.99564528465271 0.067038107179829 0.6199900146288778 0.0756888326436538 0.9471160769462584 -0.1163824699518979 0.6038450017050585 0.0073848545898233 0.9436022639274596 0.1336481032318897 0.6744785135106608 -0.2123203689196081 0.9889795184135436 -0.1933468898090801 0.6695380382114652 -0.2629670606663684 0.991649866104126
P8/nick_1_frame85.jpg,7,7,0.6095995306968689,-0.1273330441547049 -0.4044018680684511 -0.9250989010756008 0.9919772744178772 -0.1241425034815626 -0.4357710878977861 -0.9247746501329578 0.9830806255340576 -0.1166039104500329 -0.4420376108010315 -0.9248560962446676 0.9823456406593324 -0.1086283255192748 -0.4492225039297219 -0.9250941301736596 0.9822635650634766 -0.1447999977186657 -0.4259570302243617 -0.8973271400974717 0.9856062531471252 -0.1511925519481897 -0.4250358201763326 -0.897260290673844 0.9858130216598512 -0.1578365440693026 -0.4243212924159683 -0.8973432134932973 0.9847476482391356 -0.0924847292794657 -0.4715466048467067 -0.6813415368510761 0.9714799523353576 -0.1573138463244886 -0.4332276008004119 -0.4750772142742849 0.9756853580474854 -0.1051825983887328 -0.3967416454356479 -0.8157768636955025 0.9865736365318298 -0.1269853930739697 -0.3868712172839308 -0.7703505504735125 0.9822760224342346 -0.0005830155764985 -0.448689298841347 -0.4028548747158081 0.9993057250976562 -0.1530163428080967 -0.336426767166629 -0.4064890524730255 0.9993005990982056 0.1044372585533319 -0.3187783489395496 -0.6680570171924028 0.8396786451339722 -0.0008504132710095 -0.2284665951049215 -0.3938690796972379 0.8796734809875488 0.118300477258176 -0.2704244626156973 -1.19065661773794 0.7651125192642212 0.1461636805235103 -0.2597743327753126 -0.5967404958435497 0.8345851302146912 0.1240365780991788 -0.2457953061054923 -1.3104242041394707 0.7208000421524048 0.2027012539770775 -0.2165801201043595 -0.6838375137166197 0.7885321378707886 0.1054424421551703 -0.2544792563816075 -1.3433400197462868 0.7273344993591309 0.1835195019439843 -0.2627941433147039 -0.7118166385398336 0.7896134853363037 0.1015009955943624 -0.2609108297734359 -1.2165782910990344 0.7103171944618225 0.1764416417284854 -0.2631264025570338 -0.6127796434087187 0.7573361396789551 0.0593969908134131 -0.0059908045285632 -0.0332967955553531 0.9996591806411744 -0.0593969908134131 0.0059908045285632 0.0331317628156612 0.9995161294937134 0.0733761878725884 0.2997118937033675 -0.0608104131108168 0.9264159798622132 -0.1031580320721359 0.2855977482749998 0.0919861132301641 0.972925066947937 0.0678490979737692 0.5881661911174034 0.251705374477992 0.939641535282135 -0.1987999625076076 0.5614616354663478 0.398229627274995 0.9657647609710692 0.0462576996816865 0.6317153248149069 0.2826881228518683 0.8649731278419495 -0.1903959619418248 0.5962933089812447 0.414899499436074 0.8814507722854614 0.1288676842791074 0.687696974599427 -0.002197905537347 0.9334611892700196 -0.2754861339912221 0.6478607385411699 0.1514047292925545 0.9593856930732728
P9/rory_frame233.jpg,8,8,0.996767520904541,-0.1405398647853565 -0.4221659043891068 -1.3826056313902573 0.9942735433578492 -0.1607981788151588 -0.4492623401207167 -1.296390660170339 0.9932134747505188 -0.1563594860024083 -0.4546749076197632 -1.2966931797744985 0.9925445318222046 -0.1518147148869006 -0.4607374926113113 -1.2973058056813536 0.9925798177719116 -0.1844898803631914 -0.4374415186780343 -1.357010549108398 0.9943147897720336 -0.197523692972842 -0.4339126877826745 -1.3568890264550475 0.9942110776901244 -0.2110371610498127 -0.4306635486574836 -1.3568989162584977 0.992704451084137 -0.1568001241629672 -0.4677827582785285 -0.7137693331678301 0.9891803860664368 -0.239564366839428 -0.4287129542729403 -0.9927770134390296 0.991344690322876 -0.1189305087705661 -0.4140504400595268 -1.1260191516156772 0.99150949716568 -0.1487811870245934 -0.3997555420332543 -1.2344659945606913 0.988635778427124 -0.0268454650344738 -0.4457494277446086 -0.0095557389290001 0.9991790652275084 -0.2265140260651078 -0.3130713470565041 -1.016426378499691 0.9994285106658936 0.247440646949956 -0.3528794316634653 0.2421676035786899 0.657648503780365 0.1862233055021155 -0.3089248776141842 -1.309434498060199 0.9527583718299866 0.5300765980580526 -0.3472503723025977 -0.2603430471028066 0.802315890789032 0.5342301800302509 -0.3379172428578438 -1.4341889495102995 0.9288750886917114 0.5963450550103596 -0.3506096540333335 -0.3455033994877148 0.7838090062141418 0.6083195748367943 -0.3354083487470398 -1.619181516389941 0.8985987901687622 0.6044830084820312 -0.3508899554489204 -0.5168969447167059 0.7928950786590576 0.6108734472317814 -0.3432686425999364 -1.6095695757739557 0.8964344263076782 0.5843857085809988 -0.3463130763413904 -0.3506401363042407 0.783147394657135 0.589185243742911 -0.3401797047429578 -1.4350102096269202 0.8690851926803589 0.1012209867572664 -0.0213848710241535 0.2768925154929471 0.999642252922058 -0.1012209867572664 0.0213848710241535 -0.2773199616040411 0.9992903470993042 0.1948356985858631 0.2776268333991021 -0.1097432454594008 0.8894449472427368 -0.1259534885108312 0.3021973049482001 -0.6132223432895123 0.978861927986145 0.2363566158642911 0.5758735005609663 0.0948307258207631 0.9490031599998474 -0.440937835151093 0.5500857703269731 -0.2175212819788178 0.983588695526123 0.1986805290229611 0.6317290782946058 0.0882174532033836 0.9121534824371338 -0.4723869359531153 0.5523910428681169 -0.1889948043767853 0.9119969606399536 0.329367372298646 0.6703134013322115 -0.3395492975114065 0.9523082375526428 -0.4779079525982117 0.6761403922388366 -0.5843237279634874 0.9776012897491456
P10/rob_1_frame708.jpg,9,9,0.8458158373832703,-0.050655284477348 0.0312683022203288 0.2377112025025835 0.983391284942627 -0.0369216725031117 -0.0311444184971401 0.2231191451158796 0.971759557723999 -0.0353439378725886 -0.0314131382594108 0.2229580584101032 0.9761716723442078 -0.0351929802231402 -0.0324680116333786 0.2229777800929847 0.9691609144210817 -0.0407226245561974 -0.0340658781577871 0.23876787449403 0.9708561897277832 -0.0418167519677726 -0.0360502896666738 0.2390542175521237 0.9761748909950256 -0.0441860676171217 -0.0382513556950239 0.2384734218799355 0.967419445514679 -0.0241360897136641 -0.038127976846917 0.1285556715332106 0.9774014949798584 -0.0404230443045537 -0.0423398341071762 0.2070896294846524 0.975172758102417 -0.047587537261759 0.0077904749492115 0.2029061556703963 0.9842389822006226 -0.0454499592749411 0.0070349293893467 0.2232766976960836 0.979272961616516 -0.0089387186586136 -0.0915629457510133 0.1375822147900324 0.9985666275024414 -0.0303406889216591 -0.1221230344503929 0.1128576142818369 0.9988405108451844 0.0737049776791266 -0.1326475341861454 0.1870341926193731 0.2733299732208252 0.0359928285714302 -0.141877471102861 0.1447784517680038 0.9375431537628174 0.074201017446963 -0.163161616143699 0.1522807534869503 0.4302553832530975 0.0346343990545498 -0.2133553501322339 0.0051954096332961 0.9271421432495116 0.064033716831561 -0.1435554865465001 0.1327702503857074 0.4299684762954712 0.0409732950342949 -0.2144157140227158 -0.0088825818743755 0.905135691165924 0.0657274465121202 -0.1925624485459555 0.1271492709948892 0.4449274241924286 0.0329753795358622 -0.2394276042297833 -0.0436539450582852 0.9016003608703612 0.0708952216303206 -0.1988661294887474 0.1518160001968371 0.4535697102546692 0.0316928075000174 -0.240777577089044 -0.0421852910557799 0.8808713555335999 0.006018773623212 0.0007306173527026 0.0280470828407239 0.9998880624771118 -0.006018773623212 -0.0007306173527026 -0.028674603123995 0.999782919883728 0.0155959383774131 0.4359932704084576 -0.10012190368406 0.8194675445556641 -0.0001404499368091 0.3792511172812441 -0.1304823221772739 0.9740620851516724 -0.0040312066450642 0.8354166084723323 -0.2064050977605073 0.9440405368804932 -0.0355202023855107 0.7966165797821977 -0.1981195927936228 0.9860020279884338 -0.0107102622111502 0.8951967211853106 -0.2219519370362186 0.9209781289100648 -0.0339288361277799 0.8536239185461094 -0.2133129248480191 0.9480102062225342 -0.0097116192994143 0.9327730588960116 -0.3322227291725425 0.938210129737854 -0.0422616731335801 0.9991065763891008 -0.3176721030972361 0.9693838357925416
P6/grant_1_frame334.jpg,5,5,0.8237926363945007,-0.1385050431877733 -0.3771192568706884 -1.639317073675612 0.9243306517601012 -0.1270144264831591 -0.411179538251709 -1.659295824840786 0.9275621175765992 -0.1156206920734984 -0.4176049776925804 -1.6591045221328131 0.9282882809638976 -0.1040014782419502 -0.4243393109079451 -1.6592273265963715 0.9269241094589232 -0.1553640106755405 -0.407027936410559 -1.621524763301483 0.9233868718147278 -0.1638350567791426 -0.410449879891285 -1.621915768079323 0.9232405424118042 -0.1724861098971353 -0.4142362543066159 -1.6222181451075188 0.9259259700775146 -0.0719806488188239 -0.4615835297132548 -1.4154126769598985 0.9225213527679444 -0.1763357691598424 -0.4492222032950256 -1.2466748547164006 0.9214501976966858 -0.1094945161042586 -0.3769755264106863 -1.516855970238687 0.917512834072113 -0.1439093084838537 -0.3704186659194854 -1.4684542128728486 0.917233943939209 0.09485413868927 -0.4133812571924067 -1.068100003937089 0.9062430262565612 -0.2330547774166661 -0.374591193757079 -0.7437278708632961 0.9048889875411988 0.0690654909751534 -0.1092732363633183 -0.8841734562818288 0.8702324628829956 -0.1991352577556678 -0.1049801487192242 -0.4572774809848582 0.7954937815666199 -0.0543369202602743 0.1280332111543077 -1.0470983408281116 0.8529202342033386 -0.1560670951927298 0.130750404727124 -0.7076539872846939 0.7897772192955017 -0.0772702193800714 0.1980738970087099 -1.1498738742749504 0.8293300271034241 -0.1762593060032871 0.2010747862703364 -0.7682969457120142 0.7445728182792664 -0.1016531325095626 0.1905577714625427 -1.2265202962177832 0.8316954374313354 -0.1674560506551058 0.2031753508268412 -0.8864396910108701 0.7514387369155884 -0.0953439083776602 0.1681326337373526 -1.0717718284341713 0.7989417910575867 -0.152194989359443 0.1773787382005834 -0.7525551657644853 0.7289965748786926 0.0939804602356752 0.0013089971062562 -0.0482008922377781 0.877338171005249 -0.0939804602356752 -0.0013089971062562 0.0484367305709674 0.8767091035842896 0.1289849457468861 0.3743533325172266 -0.3407011804751492 0.833875298500061 -0.2087588990543903 0.3533947523421037 -0.2450844195504345 0.8311202526092529 0.0324361633871424 0.7005445791157721 0.161759382573079 0.8243421912193298 -0.3607738813994428 0.6756310580210941 0.1797585272338556 0.8305909037590027 -0.0127622511320991 0.7516287740741743 0.1865316350896893 0.7505000233650208 -0.34846164780332 0.715964069754752 0.1992217313586187 0.7579519152641296 0.1104408924832148 0.813369731844302 -0.2175105996985306 0.8182547688484192 -0.4458091660342393 0.7904720576042635 -0.2332491393749838 0.8301971554756165
P9/video1_frame905.jpg,8,8,0.9920252561569214,-0.0200328743852369 -0.5074709056880615 -0.2445376397738719 0.9130286574363708 -0.0284947181806383 -0.5216866675192583 -0.2765833054218873 0.927947461605072 -0.031592840337252 -0.5207710952523165 -0.2763004089098572 0.929812788963318 -0.0346232784899878 -0.5197991039375739 -0.2761411441124313 0.9269061088562012 -0.0206653380384652 -0.5196997460822991 -0.2649365898813365 0.9235542416572572 -0.0182163413006583 -0.5172850391166518 -0.2647621480301163 0.9199920892715454 -0.0157221904711279 -0.515018426259768 -0.2646490742659776 0.922373354434967 -0.0452058327509052 -0.4918766243154876 -0.3208765235459922 0.9213582277297974 -0.0177597335098733 -0.4840816989134502 -0.3199070774514512 0.898842453956604 -0.025915750244577 -0.4836041401897099 -0.2697793662186891 0.9188974499702454 -0.0172610824520555 -0.4815955372473302 -0.2402636730178554 0.9031466245651244 -0.0453247510947659 -0.4021387587283268 -0.3270256577186375 0.7986580729484558 -0.0038658477667561 -0.3963474872293883 -0.2789423474790528 0.7738685011863708 -0.0061691777817324 -0.5700294016845702 -0.3535451318383338 0.5092712640762329 0.0193116815277606 -0.5924451559995083 -0.2879405021645132 0.6150394082069397 -0.0107579977034205 -0.7249121783300758 -0.4544460504271922 0.5365448594093323 0.0280000970548062 -0.7770896166649555 -0.3606362095872313 0.6514692902565002 -0.0178822811492066 -0.7590433455641525 -0.5154937225655514 0.5455894470214844 0.0509386113189157 -0.8156381549599223 -0.4198862963914011 0.6375123858451843 -0.0003211808658949 -0.7734281288702144 -0.53751039577963 0.5509371757507324 0.0383729534513413 -0.8311865988020147 -0.4326222954776487 0.6354392766952515 0.0040426934370555 -0.7591839925471412 -0.4690037201721289 0.534647524356842 0.0258117497191197 -0.818346929126262 -0.3725193242374268 0.5989739298820496 -0.0224975666476199 -0.0004280683309326 -0.0747262805644764 0.3130099773406982 0.0224975666476199 0.0004280683309326 0.0751855337345913 0.303039014339447 -0.0571270550035625 -0.2027738284924594 0.1845327302119704 0.2914579212665558 -0.0263360179469289 -0.19904319554891 0.3328178011911635 0.3607428967952728 -0.0658983787219878 -0.145155981976794 0.6910841279685191 0.3627060949802398 -0.0128849769520255 -0.1898126245520833 0.7574935421299536 0.3986262679100036 -0.0631793529742808 -0.1561420950407773 0.7304708449828181 0.3470233082771301 -0.006747131302311 -0.2023631053658632 0.7958123978685854 0.4231142699718475 -0.0799141757993879 -0.2286175230817939 0.6293875660798903 0.3899833261966705 -0.0331286686271962 -0.2669679584044078 0.717705905800205 0.4508565068244934
P3/grant_1_frame181.jpg,2,2,0.5688297152519226,-0.0796594016714565 -0.4512304811709884 -1.5252835110572551 0.992420256137848 -0.0565654287465007 -0.4813617542605166 -1.55868023323272 0.9875426292419434 -0.0447281580837834 -0.4805125985247894 -1.5586903017125524 0.9859333634376526 -0.03255763491957 -0.4799318883147355 -1.558929250846604 0.9858319163322448 -0.0817797384384224 -0.4875804586527968 -1.4943444906279306 0.9866816997528076 -0.0864421536487158 -0.490910289285831 -1.4945953517662909 0.9836714267730712 -0.090576328191744 -0.4946605853090507 -1.495064174221587 0.985227346420288 0.0012574255024536 -0.4845147483533952 -1.395513568878915 0.9767295122146606 -0.0790352977314206 -0.510417118103725 -1.1064053245410852 0.9759512543678284 -0.0544262313060458 -0.4269987700249674 -1.4355603092693412 0.98733788728714 -0.0823105316780394 -0.4346567706997731 -1.3523511303138631 0.9879602789878844 0.0883992675947362 -0.3615491841125179 -1.192284990510148 0.9988994002342224 -0.1433767836240017 -0.4365595006737409 -0.6208094908918791 0.9995626211166382 -0.1291281829462036 -0.1719636795358517 -1.330326968823497 0.9587665796279908 -0.2373888032965957 -0.2502623474293908 -0.4531482075075235 0.8729650378227234 -0.370456881667934 -0.0771517829548795 -1.585303279243732 0.9604000449180604 -0.4248575163456735 -0.1004250031827677 -0.734266581312409 0.8919054269790649 -0.4296254378798448 -0.0451895355363867 -1.730429071262288 0.9355671405792236 -0.4748843182984577 -0.0725091501803132 -0.8181828228093593 0.8627896904945374 -0.4491163840253271 -0.0657891489400378 -1.7673625242408648 0.9360135197639464 -0.4744035129340651 -0.0823500256447061 -0.932292733608884 0.868949294090271 -0.4235309586753563 -0.0771907805880333 -1.6030605324287714 0.8929757475852966 -0.4522395272026462 -0.0884900966275908 -0.7911924190940384 0.8551647663116455 0.0848300623989252 0.007669983583902 -0.0663798168411935 0.9990466237068176 -0.0848300623989252 -0.007669983583902 0.0662622168194887 0.9994878768920898 0.1682342295201724 0.33135388399983 -0.6606478421116887 0.9618447422981262 -0.1788618645072463 0.2853254739219112 -0.6660777307424489 0.9883928298950196 0.1292826844782802 0.6525169774086963 -0.2639688278277604 0.9775922894477844 -0.2001508142554815 0.6293621681760205 -0.2695506476920484 0.9893707036972046 0.0992150838879741 0.6694840676412521 -0.2526635026074579 0.9018656611442566 -0.1758177801680481 0.6658337473684812 -0.2540848954311264 0.8917672038078308 0.1657149824184368 0.7706612288103754 -0.6939227498621385 0.971365749835968 -0.2587324915408213 0.707835474561301 -0.6772855796060638 0.9804795980453492
P10/nick_1_frame105.jpg,9,9,0.9999607801437378,-0.0316382822724418 -0.463341170483407 -0.0907952621618284 0.999680995941162 -0.0401825488393711 -0.4823982010344194 -0.0398855165413873 0.9996379017829896 -0.0372307948998386 -0.4852236992802358 -0.0399473731496789 0.9994323253631592 -0.0340798320202972 -0.4888226342282474 -0.039952919746134 0.9995978474617004 -0.0530122880819848 -0.4759363954937939 -0.0879033081112809 0.999683916568756 -0.0591393685843691 -0.47337346830103 -0.088029866973002 0.9996307492256165 -0.0657787478937379 -0.470922906195208 -0.0881379945980559 0.9996894001960754 -0.0458606099656316 -0.4924989596997157 0.296919188757254 0.9989206194877625 -0.0861265575671039 -0.4639958480098277 0.0143403771802252 0.9995889663696288 -0.0212143740745497 -0.4498523439979364 0.0251422893716169 0.9984616041183472 -0.0356636919212968 -0.4437229759551507 -0.0379018503887109 0.9980860352516174 -0.0070290879994246 -0.4167638713539695 0.4864273313815175 0.9993482232093812 -0.0982720190617183 -0.3762756464833812 -0.1328301675117129 0.9994909763336182 0.0118547509385529 -0.517197092441107 0.5478804230585455 0.372876912355423 0.0051927718324482 -0.5047039799269476 -0.2029106902515856 0.9514024257659912 -0.0111113829903076 -0.6336662197880361 0.4821609858508754 0.5331862568855286 -0.0255498970317858 -0.6511823300518471 0.1515763406146956 0.9159599542617798 -0.0231875016939616 -0.6800812137918909 0.4601429685165421 0.517578125 -0.0338686066029996 -0.6877786356583249 0.1478108561890314 0.8905839920043945 -0.0308673535964698 -0.6765953191686505 0.4632476018127748 0.5326509475708008 -0.0441897684079265 -0.6859917083154348 0.1278635865717179 0.8876970410346985 -0.0266027168309468 -0.6545747111259108 0.4706296876129234 0.533370316028595 -0.0410572160945066 -0.6687606586585013 0.153904519309047 0.8654258251190186 0.0321214769509468 -0.0009415020198727 0.1892680473446721 0.9999001026153564 -0.0321214769509468 0.0009415020198727 -0.1891537392264255 0.9998520016670228 0.0316992466021734 0.2680773281628768 0.1419673480142273 0.8250808119773865 -0.0682197464270387 0.2698642555057669 -0.3232963485924853 0.9839721322059632 0.0345259850807375 0.55963598293801 0.2589976117776726 0.9547696709632874 -0.2479015801127088 0.4967689708071453 -0.2023299857183834 0.9893441796302797 0.0051051287182772 0.6059808900112557 0.2570242085509834 0.9217325448989868 -0.2774408924829385 0.4983779660918317 -0.1964461010774598 0.9348567724227904 0.1195057407671322 0.6411176208184175 0.1084066154104811 0.9524312019348145 -0.277886218721547 0.6272690165932021 -0.3878705824416543 0.9843642115592957
P1/video1_frame610.jpg,0,0,0.89839106798172,-0.0210973734592111 -0.4205557969510616 -1.7495607096176236 0.999942421913147 -0.0025275191951891 -0.4506933501304058 -1.747796873038891 0.999829113483429 0.0103090903067589 -0.4544354251242008 -1.7475570395412354 0.9998031258583068 0.0232116497101112 -0.459198042513843 -1.7476404898739926 0.999811053276062 -0.0356949746421841 -0.4531845322230566 -1.74738410424422 0.9998511075973512 -0.0468218006218447 -0.458402678082006 -1.7477625618483563 0.9998250007629396 -0.0581133720414837 -0.4640454895805856 -1.747861184968888 0.9998283386230468 0.0399929254062463 -0.4985880651286248 -1.4186560879181849 0.9996346235275269 -0.0772994483907833 -0.4977502858582375 -1.417078635243813 0.999792218208313 -0.0065381352907804 -0.4143469370176844 -1.5961646873122572 0.9998835921287536 -0.0397037803483251 -0.4138214068229652 -1.5966664238170578 0.9998993277549744 0.119809030655517 -0.3857526977402204 -0.992603948595976 0.9999523758888244 -0.1543691928439306 -0.4135004506361313 -0.934428204327478 0.999981701374054 0.0525633214499771 -0.0693445540416015 -0.8193489885289439 0.9671004414558412 -0.1299517806554008 -0.0811896735879288 -0.6974369750043359 0.984271228313446 -0.0451776221648756 0.1563591125813986 -1.074774508429888 0.9540649056434632 -0.1221686577814451 0.1674426616322945 -0.9393728951704088 0.9706578850746156 -0.0701841868059498 0.2368117852450075 -1.178081537514236 0.9142227172851562 -0.1323603745055088 0.2436178150699234 -1.032279236862714 0.9379448890686036 -0.0847040274515809 0.2233619709735323 -1.260798748753121 0.9195123910903932 -0.1183085626372941 0.2383142360707236 -1.1431142963265666 0.942072093486786 -0.079231478770352 0.1952648991227326 -1.1068265053484263 0.8959876298904419 -0.111741418010798 0.2126786042001767 -0.9864529349159872 0.9288841485977172 0.0857326734954439 0.0021899677717274 0.0029944700230835 0.999915599822998 -0.0857326734954439 -0.0021899677717274 -0.002941308017696 0.9999470710754396 0.128816838888098 0.3717211449920449 -0.3406659398839461 0.98630553483963 -0.1444587761568368 0.3343807418620807 -0.4427757842875091 0.9921823740005492 0.1201781776853377 0.7825707544278123 0.0140641774747279 0.9907858967781068 -0.1533594265757637 0.7689917990422148 -0.0002286646727285 0.9940290451049804 0.0866476960490445 0.8428637922629609 0.0234469302938219 0.9444556832313538 -0.1311644829600455 0.8220098299757953 0.0182475187328449 0.92307049036026 0.1832257661736469 0.9205938116113436 -0.4252350933214788 0.9860246181488036 -0.2218642185394848 0.9065965700537024 -0.3496919813245625 0.9891167879104614
P1/jess_1_frame197.jpg,0,0,0.9725006818771362,-0.0343987883214896 -0.4517408420309634 -2.028540269940052 0.9998415112495422 -0.0143904957955099 -0.4969597798310065 -2.0258987585536445 0.9996169209480286 -0.0031405491835473 -0.5007078792914185 -2.0257328999196016 0.9996221661567688 0.0077638586074924 -0.5052047015719738 -2.026022488031444 0.9995886087417604 -0.0473802831249142 -0.4991387675706766 -2.0174555174643998 0.9996334314346312 -0.058664252020783 -0.5042033367139174 -2.017891162177855 0.999627411365509 -0.0695848735564969 -0.5102404647385087 -2.018098751269501 0.9995829463005066 0.0227878865412094 -0.5211704556922516 -1.676407770916915 0.9993762969970704 -0.0927905962719298 -0.5273231066476457 -1.6426200547102725 0.9994831681251526 -0.017702086695414 -0.4342894038802648 -1.866596192039592 0.9996950626373292 -0.053669488364346 -0.4344281842317065 -1.8575963676495688 0.9996779561042786 0.112959431450092 -0.413043451102536 -1.2161563077266266 0.9999058842658995 -0.195242457976857 -0.3775503014653203 -1.088817477593158 0.9999520182609558 0.062866402781842 -0.0983914150853331 -1.091749108689594 0.9680743217468262 -0.1647020757393815 -0.0491387102496576 -0.8391069378769842 0.9667779803276062 -0.0403395309499756 0.1562534854433895 -1.239303421742049 0.9404541850090028 -0.1492523041084239 0.2193774475463654 -1.0621789595914053 0.930083394050598 -0.0564239643652856 0.2410075132383909 -1.3448918456441286 0.8879674077033997 -0.1553681418894351 0.2992149895178235 -1.1339298964066744 0.8700101971626282 -0.0716687384457535 0.2399005929155199 -1.397624923803774 0.8948952555656433 -0.1390886783896235 0.2970769016135913 -1.2590340871153722 0.8781667947769165 -0.0690744063983569 0.2085739105111256 -1.2574339765754072 0.8669967651367188 -0.1339889240914447 0.2703569161898286 -1.1121477271836695 0.8655868172645569 0.0884592671516643 -0.0099825168617955 -0.0325333272244768 0.9998754858970642 -0.0884592671516643 0.0099825168617955 0.0325682258147678 0.9999019503593444 0.1258383278036119 0.3928760778193854 -0.4509248055905133 0.964564859867096 -0.1773298583997731 0.3945122041364541 -0.2182381163465895 0.975353479385376 0.1012509814026744 0.8381362063643979 -0.2285573175970216 0.9767923951148988 -0.2286082181233344 0.8404806872643581 -0.0223866524275225 0.983223795890808 0.0631226331075107 0.9132462456674482 -0.2356978274940583 0.9001386761665344 -0.197481350187116 0.9163525067679964 -0.0169419220549383 0.8869788646697998 0.2059485796445058 0.9749414047459088 -0.7013394138792037 0.9700056910514832 -0.3273702568189937 0.9448961397689516 -0.4182620508201803 0.9743800163269044
P2/rorymcilroy_frame86.jpg,1,1,0.9993626475334167,-0.0490274529822743 -0.4486160644397882 -1.272881390598816 0.9988229870796204 -0.0086861000932434 -0.4839445076293561 -1.3065587034963402 0.9966184496879578 0.0091155433407391 -0.4852521982246066 -1.306431507864239 0.9960883855819702 0.026725186863935 -0.4869320538174861 -1.3063540644531857 0.9961232542991638 -0.0555752129559975 -0.4886263869619869 -1.2733784532044792 0.9967363476753236 -0.0708676439113684 -0.4932671316638208 -1.273780032910164 0.9958376884460448 -0.0861617409341878 -0.4987746910436768 -1.2748364345737029 0.9961565732955932 0.0547084557285771 -0.4927377243694164 -1.1148082432220887 0.9919111132621764 -0.1188972661185085 -0.5111998773708182 -0.971449114143102 0.992043435573578 -0.0264192624100334 -0.42918075569667 -1.1656090526514633 0.997416377067566 -0.0809114453486175 -0.43165141882156 -1.125911491204765 0.9977182745933532 0.1646937259880691 -0.3696100544715139 -0.9764068712649604 0.9995126724243164 -0.2696170811848723 -0.4234795303385789 -0.5924519760620479 0.9999050498008728 -0.1048073337067272 -0.1611491100408298 -0.9700866156738568 0.9708487391471864 -0.4000580977743747 -0.2220987406073093 -0.4588308101423113 0.9294042587280272 -0.4487051990482817 -0.0096463007242828 -1.0217288466153147 0.9635462164878844 -0.586839253355832 -0.02018561360095 -0.6679424113622279 0.9291786551475524 -0.5212541635428724 0.0382978349875697 -1.1193135194051809 0.939403772354126 -0.6659251771110315 0.0366102810140662 -0.7535907449945769 0.8925980925559998 -0.5593861673687168 0.0309142836607271 -1.1643597318675112 0.9399899244308472 -0.6560114151106662 0.0369322341858342 -0.875200914699924 0.8980414867401123 -0.5273565090018352 0.0112166554703761 -1.0286102796835468 0.9051567316055298 -0.6218119911451498 0.0201937715863874 -0.7223255530588392 0.886900007724762 0.1505797217741875 -0.0019203438114771 -0.065893965791522 0.999244749546051 -0.1505797217741875 0.0019203438114771 0.0634320351580861 0.999459981918335 0.2530226472438164 0.3182589831793281 -0.3374931860912946 0.9485551118850708 -0.2203877755136245 0.3198376108120622 -0.2921738534686171 0.9594398736953736 0.3614936345444467 0.6183924164324488 -0.2512553518351926 0.962900698184967 -0.2631896802216513 0.6696269779044445 -0.1219239218037264 0.9687754511833192 0.3578891837955663 0.6441271836488652 -0.2636627859264174 0.791638195514679 -0.2239100144515128 0.6924121163298341 -0.1315324487574102 0.8167649507522583 0.4127503719486876 0.7428182401257243 -0.6861263310997338 0.9576988816261292 -0.3399837845749647 0.7657248291230478 -0.5605471865778996 0.9514054656028748
P10/jess_2_frame850.jpg,9,9,0.9999551773071289,0.0539466733638022 -0.513529542504071 0.0064767550978138 0.9996776580810548 0.0443200464427917 -0.5386960855878943 0.0227507976613568 0.9996140599250792 0.0413195720641857 -0.5398993887635046 0.0226772489978978 0.9994436502456664 0.0386985525534339 -0.5413520177677144 0.0225746961811989 0.9996265769004822 0.049936502428965 -0.5356518066410993 -0.0425363075491617 0.9996945858001708 0.0505878025526531 -0.5343646727564993 -0.0426011925934882 0.999644935131073 0.0515547776898801 -0.5330671356018235 -0.0426902564244106 0.9996998310089112 0.0189824161668239 -0.52948584136508 0.11440434539797 0.9991924166679382 0.0336148044499864 -0.5172250208164904 -0.1769985417936392 0.999557077884674 0.045528236384491 -0.491158708223921 0.0499332498327215 0.9989919662475586 0.0506841272615402 -0.4844380949968077 -0.0355573223085434 0.9987554550170898 -0.0505832684397871 -0.4139252090229687 0.3524304468340041 0.9993966221809388 0.0461725842017846 -0.386062632049977 -0.3107332335471106 0.9996878504753112 0.0362982939602256 -0.4288472263602063 0.8330608190354425 0.4831344187259674 0.1347453707008236 -0.4374722173700807 -0.2775020906141374 0.9578213095664978 0.0878348344405779 -0.5282777018024126 1.1708164584414709 0.5760692954063416 0.0986943370288917 -0.5486522669457168 0.0877575844926231 0.9360108971595764 0.0922427982108608 -0.5511935616385744 1.2438544674389451 0.5780602693557739 0.0873348729285512 -0.5813294420445257 0.1022023108821641 0.9173516631126404 0.0837427471999612 -0.5499206850199864 1.1993914453037784 0.5894607901573181 0.0732498024473495 -0.5761557925587514 0.0646733831215523 0.9183655977249146 0.0825404012259559 -0.5378343774377068 1.1570630835059346 0.5868449211120605 0.0757042688788227 -0.5624584391066263 0.0831833510251158 0.8962520360946655 -0.0090550264257006 -0.0062953134402804 0.2278380631789043 0.9998815655708312 0.0090550264257006 0.0062953134402804 -0.2282369391635346 0.9998363852500916 0.0496699973505066 0.271217432339092 0.1773058412931338 0.8361784219741821 0.0295176793061852 0.2891065227568226 -0.3754947736770122 0.9874839186668396 0.0199118085462947 0.5536694895376134 0.3087606677447477 0.9462050199508668 -0.1465784480795359 0.5016629126901502 -0.3996345165232928 0.990625262260437 -0.0079767136280969 0.6027317142479457 0.3122552596676864 0.905279278755188 -0.1884807544050692 0.4826272962656981 -0.4026462506155161 0.9415128231048584 0.095720362021036 0.6407509559359859 0.2088140213370187 0.9437906742095948 -0.1662564475390395 0.6439496214258689 -0.5324120066717152 0.98603618144989
P3/rorymcilroy_frame126.jpg,2,2,0.9415228366851807,-0.1069216648039399 -0.4561803514927928 -0.7925475612897124 0.9924841523170472 -0.0710816980433865 -0.4772982068135343 -0.8430771099808063 0.9847362637519836 -0.0558801135050599 -0.4755606023464824 -0.8430485724842813 0.978085458278656 -0.0410182816191237 -0.4739741549026121 -0.8429407881401283 0.9799917936325072 -0.1034601581838575 -0.4846562415508214 -0.7532226213476618 0.9870275259017944 -0.1101025437171734 -0.4877326268331117 -0.753494725567836 0.9797049164772034 -0.1169188515355491 -0.49075139766117 -0.75390309768257 0.9857659935951232 -0.0072665690938879 -0.4708408564656263 -0.7296598740042174 0.9663169980049132 -0.1053892174243825 -0.4908687844143617 -0.3434692702033727 0.9715706706047058 -0.0745204394015907 -0.4351005821314967 -0.7188806303971395 0.981633722782135 -0.1159788404260061 -0.443851937209517 -0.6076919085631743 0.9845640063285828 0.0831020260456522 -0.3772707210495841 -0.7969062997476094 0.9936667084693908 -0.1654288193997873 -0.4184819409604312 0.0005251125681425 0.9987580180168152 -0.2696518566140955 -0.3057762542828307 -1.1466217212461578 0.9414477348327636 -0.4604412047192254 -0.3432519212931662 -0.2160395165391756 0.6683236956596375 -0.6047653316511108 -0.3322476144809798 -1.2283559164919238 0.9290120601654052 -0.7062291597850545 -0.3829893332549336 -0.9434367959405996 0.7262327075004578 -0.68971746679331 -0.3600011120702629 -1.364073344861728 0.8942800164222717 -0.77167506640105 -0.4095145856251593 -1.0876418907626884 0.7003315091133118 -0.6874355190206143 -0.3741009010905805 -1.3649426326103178 0.8915498852729797 -0.7491784966510765 -0.4196545137855116 -1.1659505075030896 0.7075603008270264 -0.6742872855791334 -0.369711844914258 -1.2259097837085025 0.8439962267875671 -0.7374761000963913 -0.4072146468220456 -1.0095625450246146 0.7028464674949646 0.1356191115693943 0.0057892816201845 -0.1004411513415321 0.9976469278335572 -0.1356191115693943 -0.0057892816201845 0.0988372320986314 0.998753786087036 0.2190822799033011 0.3136697042432003 -0.4197911053567807 0.9302924275398254 -0.2339948750864585 0.2968003215147657 -0.2534431519951917 0.9565244317054749 0.3431825196121087 0.6009824140588242 -0.2685231419831074 0.9671872854232788 -0.2572043293018458 0.5990030230900235 0.0334736438873687 0.9723602533340454 0.315147369339731 0.6469523828939822 -0.2953201209506799 0.848525881767273 -0.2149973719413605 0.6377783060337882 0.0287521885888923 0.8776784539222717 0.4028469263354692 0.7084957329140648 -0.8372528712760315 0.9593392610549928 -0.3029157883386147 0.6938869083224618 -0.5386942839309453 0.957728385925293
P7/jess_2_frame739.jpg,6,6,0.8047143816947937,-0.0926708226699092 -0.4698439296598733 -1.1350422103874274 0.9895095229148864 -0.0828439758118775 -0.5099449087603823 -1.121842105746208 0.9919671416282654 -0.0739521024900795 -0.5159243753853627 -1.1217201526762646 0.9921305179595948 -0.0655236508340668 -0.5216130078508945 -1.1217396412550888 0.9921546578407288 -0.1063132463133401 -0.5003780491088136 -1.1091697470370778 0.991104781627655 -0.1135162489591705 -0.4999733323031677 -1.109443902320784 0.990336775779724 -0.1197540289249478 -0.4998280048948184 -1.1096037564918768 0.9897807240486144 -0.0440974529396578 -0.5333208911414298 -0.863148319195699 0.990027666091919 -0.1268906149723923 -0.5043909029191216 -0.8084222975249641 0.989297330379486 -0.070320352023345 -0.4520937798914283 -1.023659363000352 0.9926633834838868 -0.0984323280728238 -0.4432249820034529 -1.007700010370744 0.992114782333374 0.0476193858625265 -0.426998229333719 -0.5790889516870222 0.9974865913391112 -0.1637271375579966 -0.3645312963292363 -0.4958988742582633 0.9950376749038696 0.0095989620038038 -0.1723186117736838 -0.4408126127838619 0.9233771562576294 -0.1354642146940044 -0.1190770100440114 -0.3374604647239419 0.9249268174171448 -0.0282527601081636 0.0041849630693115 -0.6357250932062056 0.8822056651115417 -0.0898418103518029 0.0716031309325841 -0.5746523707395772 0.8790499567985535 -0.0304321332051541 0.0707610569408075 -0.7031272995647356 0.8423199653625488 -0.0825689835953382 0.1295427953390805 -0.6438922424755894 0.8125770688056946 -0.034624329765379 0.0445613528527763 -0.7749085178479873 0.8440597057342529 -0.0734456983452307 0.1248927965192343 -0.7191515742698134 0.8156442046165466 -0.0381344260667532 0.0206632140553456 -0.6658588598564147 0.8043871521949768 -0.0750805270725568 0.1035333141277944 -0.6071820967477598 0.7849803566932678 0.0634869150041768 -0.0026348439008629 0.0198184331089375 0.9943363070487976 -0.0634869150041768 0.0026348439008629 -0.0199619670897876 0.994248390197754 0.0743769654646327 0.316792647538015 -0.1743406564433098 0.8379133343696594 -0.1469486070276849 0.2793204146848718 -0.0927958245666013 0.8746722936630249 0.0116769466661746 0.6072171881458268 0.269718941882569 0.8020589351654053 -0.2501156434792324 0.5674794976757329 0.3758243897296722 0.8608864545822144 -0.0148863449568548 0.6482141038440041 0.2965329845604407 0.663467526435852 -0.2434650165031462 0.5985423793323449 0.4066301536638199 0.6965613961219788 0.0694525722374136 0.7181244185601224 0.0091884679330109 0.8136966228485107 -0.3095421788443734 0.6826923888300342 0.1479612509198617 0.8535755276679993
P5/rorymcilroy_frame215.jpg,4,4,0.9878638386726379,-0.2881248937409842 -0.3922793887335706 -1.8452549283191164 0.9895467758178712 -0.2846847544322907 -0.42155612703092 -1.9348930668640825 0.9841879606246948 -0.2688016251767879 -0.4245841776943816 -1.934376621259222 0.981755256652832 -0.2528454460495449 -0.4279316091924282 -1.93436497211024 0.980812132358551 -0.318370331583353 -0.4224009330227057 -1.8077104492225249 0.98421311378479 -0.3257993336559043 -0.425441906960819 -1.808338775195732 0.9818704724311828 -0.3336609317297077 -0.4283443045641695 -1.809006538392054 0.9854892492294312 -0.1792217323767309 -0.4459569077349158 -1.8734370106480804 0.976430594921112 -0.2978736539498422 -0.4460423955001001 -1.297483791083941 0.9743918776512146 -0.220923865552115 -0.3751714606734012 -1.778256789475014 0.9799624681472778 -0.2653736203982838 -0.375797602431174 -1.6136459415360789 0.98249089717865 0.1104496465642407 -0.3625230331304854 -1.610672981639677 0.9953659772872924 -0.3034829618751919 -0.3715681726063113 -0.7628004120571882 0.999164879322052 -0.2589641615522454 -0.1665597141600029 -1.6995131534793886 0.9361512064933776 -0.4937016729087129 -0.2139150215873714 -1.027377764584444 0.6364805698394775 -0.6494519475760029 -0.151812922984086 -1.707339197379737 0.9051191806793212 -0.7168528921497423 -0.151382693216221 -2.0485407081870872 0.6846101880073547 -0.7392982539863681 -0.1503908773911908 -1.8309371534580456 0.8706398010253906 -0.7958206529179659 -0.1535311724589043 -2.2407477833374427 0.6399753093719482 -0.7463802084955028 -0.1691131833477573 -1.8564614096396264 0.8696353435516357 -0.786157562492245 -0.1625176414812645 -2.33558010752998 0.6406220197677612 -0.7171489746863636 -0.1695113172832714 -1.7106277764063649 0.8081467747688293 -0.749460194948175 -0.1586558272484896 -2.1214197257421783 0.6191295385360718 0.1682365848868754 0.0018663514157798 -0.1150217024330823 0.9987455606460572 -0.1682365848868754 -0.0018663514157798 0.1140103575985286 0.9994684457778932 0.2013110670975997 0.3192960748915019 -0.8838172928915616 0.9589499831199646 -0.3128570077918014 0.3130960580365325 -0.785212525281095 0.9766690731048584 0.1735399813061505 0.6553996268756839 -0.3202162363157637 0.9663648009300232 -0.5259252818625569 0.6669614072401394 -0.4408876774119706 0.9794327020645142 0.1477014407926642 0.701083706132718 -0.3007354008770582 0.786446213722229 -0.4984311667226805 0.7121278274392938 -0.4454721635901749 0.8736193180084229 0.1968087923614285 0.7922806464258138 -1.0209077544327605 0.9537431001663208 -0.62963043520223 0.7768947902174723 -1.1312232537657574 0.967322051525116
P4/rorymcilroy_frame146.jpg,3,3,0.9789901375770569,-0.1152604810818801 -0.438189540045968 -0.3401892992891406 0.9969303011894226 -0.0767478595497477 -0.4532646968488351 -0.3934336391773987 0.9955683946609496 -0.058641203542942 -0.4516383662031223 -0.3934844325095616 0.9945248961448668 -0.0402299448792418 -0.4503478432041202 -0.3935023163776747 0.9945212006568908 -0.1135277387986262 -0.4581332521591273 -0.2925898371679036 0.99570894241333 -0.1209443519748312 -0.4597275386892474 -0.2926388998031524 0.9940468072891236 -0.1288964847325703 -0.4613859658959139 -0.2930038670705988 0.9952987432479858 0.0035713717504386 -0.4509208612187947 -0.3923904222783598 0.99345725774765 -0.1162400030899413 -0.4621942013548329 0.077419874739047 0.9937771558761596 -0.0777480974754179 -0.4202524923367514 -0.3119036018269843 0.9916134476661682 -0.1174024545172945 -0.4256529484986662 -0.1795035440844539 0.99275141954422 0.1091662252388258 -0.3957486036361889 -0.5058489856457802 0.9937008023262024 -0.1347934935727699 -0.403840817953254 0.2739983500210047 0.9988553524017334 -0.1965187465714082 -0.3674499259471763 -0.8913572654222484 0.9469592571258544 -0.3638936060153548 -0.4383746197250625 0.10462313272778 0.8155496716499329 -0.4652963969054475 -0.4626392526885807 -0.7963896776673023 0.8968870639801025 -0.4438532194749204 -0.534729177497955 -0.3929322353032182 0.8149139881134033 -0.5020324318325002 -0.4873721702807855 -0.9037440205730716 0.8413933515548706 -0.4792343809449804 -0.5626211938574979 -0.5074024172396535 0.750982940196991 -0.4742789761168133 -0.5000578902121918 -0.8963608675372071 0.835089385509491 -0.4553497670675259 -0.5644291690111574 -0.5339051559853643 0.7464179396629333 -0.46592096871002 -0.4835667873294061 -0.7923268928839604 0.7885855436325073 -0.4533156212944006 -0.5516810915454797 -0.4350647929901082 0.7381646633148193 0.1334145476950619 0.0036553367734565 -0.1159309163546782 0.9991580247879028 -0.1334145476950619 -0.0036553367734565 0.1149827960065371 0.9996670484542848 0.2032688316542123 0.3121553133372745 -0.3350665150912285 0.9753577709197998 -0.2128760351155117 0.2877754579155611 -0.0954479807063617 0.9868462681770324 0.3397334442110195 0.5897965443584898 -0.1108612068621341 0.9849547147750854 -0.241598995775302 0.5878165221979532 0.1951129880028708 0.9897621870040894 0.3181622476542046 0.6289595932581853 -0.1220651486741819 0.8848056793212891 -0.2114324241076468 0.6256655001315417 0.1913623973424334 0.9150678515434264 0.4123792898473707 0.6894371711177876 -0.7033322024066324 0.9758344888687134 -0.2840229398881056 0.6800757790636618 -0.298321433339397 0.9799190163612366
P2/nick_1_frame38.jpg,1,1,0.7724142074584961,-0.0455794015140058 -0.4946948891907575 -1.6209362207306437 0.9989194869995116 -0.0337216519163237 -0.5336974733838095 -1.6035969860216437 0.9978869557380676 -0.0232271218385344 -0.5379275695297615 -1.6035349141603072 0.9975695610046388 -0.0135192176643547 -0.5429556939103729 -1.6037293610128849 0.9977619051933287 -0.0606530807536425 -0.5327442654958091 -1.581855911772092 0.9977626800537108 -0.0686241197904502 -0.5350366400574345 -1.582203514195576 0.997179627418518 -0.0760670082505828 -0.5369377594843971 -1.5824129392581716 0.9975230097770692 0.0072650053488137 -0.5573287707498825 -1.2946108168636032 0.9956204295158386 -0.0780797558238292 -0.5458323873362414 -1.193575638533415 0.9954662919044496 -0.0226590968378921 -0.4740489447425987 -1.4887853628843346 0.9975703358650208 -0.0559711756735176 -0.4716838381521466 -1.4602964026133745 0.9978521466255188 0.1073939345034907 -0.4081521748290299 -0.9889652608255058 0.9994553327560424 -0.1291155775616674 -0.3915528771888083 -0.7667214817613941 0.9998653531074524 -0.0119243756444969 -0.1539551509372432 -0.9574552225816556 0.9672489762306212 -0.1452250472526476 -0.1576861420894607 -0.5610081815347178 0.910298466682434 -0.1139104004331779 0.0236262371599859 -1.184115347110436 0.9385427236557008 -0.1969992542627307 0.0583782482397862 -0.828954662467827 0.8565080761909485 -0.1371418065795329 0.1110011530148152 -1.2788527953527329 0.8908262252807617 -0.191114639399799 0.1339902764937148 -0.9104803174329206 0.8071913719177246 -0.1544649835678826 0.0975586143400352 -1.3721922773266717 0.8915927410125732 -0.1806954726580019 0.1249627338953133 -1.007052191585951 0.8151548504829407 -0.1462258210778676 0.067134496322499 -1.2199034185192377 0.8289635181427002 -0.1774441215734369 0.0987059317335406 -0.881407274440668 0.7967203855514526 0.0745552210799696 -0.007691850599623 -0.0129525431062119 0.999630331993103 -0.0745552210799696 0.007691850599623 0.0125302267398507 0.9998031258583068 0.1765166195323596 0.3560869047648107 -0.1632774674075779 0.9751608967781068 -0.1489274313731187 0.3436535061226483 -0.1141444433983879 0.9905155897140504 0.1913681219900607 0.6925827831118159 0.3189707654010686 0.9865016341209412 -0.2275223499113326 0.6795157117287064 0.3822178764685483 0.991226613521576 0.1624383165647832 0.7370893872006271 0.3449305334655224 0.9343897700309752 -0.2097166991399215 0.7222527280141151 0.4121736892800673 0.9059302806854248 0.251260046544066 0.8055152481165807 -0.0580543655323362 0.9799802303314208 -0.2812020955950278 0.7854073385143207 0.0215182248818903 0.9830716252326964
P9/jess_1_frame412.jpg,8,8,0.9979216456413269,-0.078320327523342 -0.5184838541308792 -0.5894485107759563 0.9986008405685424 -0.0916981990473286 -0.5409458210811151 -0.5301422662677548 0.9969303607940674 -0.0890132308130941 -0.5449227713170023 -0.5301472360851957 0.9964693188667296 -0.0866368784971924 -0.54883764755858 -0.5302564258977918 0.997198224067688 -0.1044016371103803 -0.5267671268173565 -0.5777939965351125 0.9976508021354676 -0.1106519133976737 -0.5202564223514259 -0.5778386761683793 0.997675120830536 -0.1173777330008697 -0.5137714683611566 -0.5778961701348511 0.9977520704269408 -0.0883930755544048 -0.5326714648318109 -0.2138649601986499 0.9936386942863464 -0.1311446145488487 -0.4915530711892195 -0.4148122929472902 0.9965558052062988 -0.0637194911193191 -0.502671527278264 -0.4681451092338702 0.9978156089782716 -0.0799675783864603 -0.4859779592183669 -0.5285027624730001 0.9971980452537536 -0.0077121821940906 -0.4282778671319965 0.1120368236769141 0.999770998954773 -0.1049993794668858 -0.3637424002020811 -0.5714597205883298 0.9997630715370178 0.1302282191917282 -0.38238096965824 0.1633354376527253 0.782200813293457 0.0616126783140293 -0.3303866908690447 -0.7845245158171631 0.98934006690979 0.2602158407508821 -0.4355327286741341 -0.1083329332389928 0.8816941976547241 0.1957544825692748 -0.3795894183293808 -0.8176879614284216 0.9820135831832886 0.2959344059348093 -0.4490507051986205 -0.1261312746626813 0.8541298508644104 0.2752909536545972 -0.3808115305446602 -0.9073159878931611 0.967346489429474 0.2979450381555097 -0.4559864508649892 -0.2309601333590928 0.863633394241333 0.2430488244941996 -0.4053043500512625 -0.8835938798794838 0.9665260314941406 0.2842798916939656 -0.4479366134271276 -0.1624561453934593 0.8534645438194275 0.2280222403960827 -0.3999650851521954 -0.8083705282009573 0.9459792375564576 0.0403033679441528 -0.0054118388508126 0.1570279475602373 0.9997710585594176 -0.0403033679441528 0.0054118388508126 -0.1573513145788661 0.9995040893554688 0.0672727156946789 0.2654112002008182 0.0147779835977517 0.9248839020729064 -0.0778616426077778 0.2949507231474367 -0.3479947784235969 0.990199089050293 -0.0202939084535435 0.5449207492834357 0.3623268061725139 0.960554838180542 -0.2660135713088616 0.4949522557857652 0.004448825570719 0.9907647371292114 -0.059707094391391 0.5847707919190682 0.3875054848477947 0.9166412353515624 -0.2898591939030526 0.4885054280910588 0.0391259505882964 0.9378706812858582 0.0521488790905639 0.651271919094215 0.2539648336080827 0.9628116488456726 -0.3036044908517545 0.6322322561363645 -0.0952877836841118 0.9877053499221802
P9/nick_2_frame93.jpg,8,7,0.8245400190353394,-0.0911909935448822 -0.4366585110055255 -0.5203373333660035 0.9974223971366882 -0.0832947762115933 -0.465624283057028 -0.4976949088797968 0.9956018328666688 -0.0742231771544463 -0.471324766801156 -0.4979425757997863 0.9945952892303468 -0.0649668640533994 -0.4774999734792124 -0.4981905227592602 0.9955211877822876 -0.1068911832053038 -0.4582409300354406 -0.4916818450631989 0.9960436820983888 -0.1140534170500213 -0.458114744243777 -0.4915428334631505 0.995150864124298 -0.1212819082367441 -0.4583947277202645 -0.4915156696331652 0.994985818862915 -0.0507286485251548 -0.4914629381982556 -0.2346976193729254 0.989034116268158 -0.1239611019917462 -0.4667502098079437 -0.1967105993635683 0.9927285313606262 -0.0671384022311095 -0.4269000871089775 -0.4082887469886382 0.9955059289932252 -0.0984822135761071 -0.4180735786085637 -0.3973921306117584 0.9929109811782836 0.0349333014479394 -0.4514787605981146 0.0142139859869816 0.9990220069885254 -0.1292273565113878 -0.3429446977537215 -0.0700388831866721 0.9988778829574584 0.1441145355407448 -0.3077586326671767 0.0056541179567478 0.6459419131278992 0.0110048236336459 -0.2387527591305016 -0.1638448154268644 0.8997960090637207 0.2737477252729025 -0.2083681950353142 -0.2779097280977197 0.7367278933525085 0.1611221175379632 -0.1690575964069628 -0.4885247359241465 0.8509690761566162 0.3203296051211906 -0.1905512429203281 -0.3333105273763947 0.7095677256584167 0.2002111489262697 -0.1414354538015365 -0.5880640985538046 0.8129583597183228 0.321343796117837 -0.198261850083367 -0.4028615817812693 0.7233744859695435 0.1965775806084857 -0.1455574109800868 -0.6325545875248135 0.8108109831809998 0.3054684697638814 -0.2003937346700883 -0.3193053607070548 0.7218145132064819 0.1857870991961876 -0.1564232230136843 -0.5148664819990707 0.7770357131958008 0.062633575069509 -0.006999586912187 0.0336322485049703 0.9996492862701416 -0.062633575069509 0.006999586912187 -0.0332050132666064 0.9992768168449402 0.0653846829641009 0.2924012673435384 0.0138628952346686 0.9317978024482728 -0.1215506901338562 0.2716954839155401 -0.0808887189676855 0.990020990371704 0.0273354941892105 0.5850038830763492 0.2807855095707596 0.96888530254364 -0.2392044068109167 0.570269213550188 -0.0045313941574347 0.9904823899269104 -0.0018962593645602 0.6224878401559583 0.2883668225038583 0.9325548410415648 -0.2362026075699038 0.6158377985281798 -0.002335890725725 0.92799973487854 0.0839125433141452 0.6612756610748609 -0.0194986329748836 0.9662528038024902 -0.2839818802455227 0.6351225495966181 -0.328513983083911 0.9856268167495728
P10/nick_1_frame97.jpg,9,9,0.9995032548904419,-0.0538249667606196 -0.4696469223130762 -0.0222160406004884 0.9996777772903442 -0.0658970002819174 -0.4897287504037342 0.0191935822963315 0.9996560215950012 -0.06430291286479 -0.4923635426178913 0.0191320520635318 0.9994510412216188 -0.0625370737617489 -0.4956224242649181 0.0191420195512716 0.9996088147163392 -0.0740195103116067 -0.4840075935128697 -0.0277060611021341 0.9997009038925172 -0.0782189538248567 -0.4820706860135629 -0.0278273381817523 0.9996509552001952 -0.0824506486094908 -0.4803213278568308 -0.0279605813713305 0.999710500240326 -0.069305030393303 -0.5008292553719628 0.2661661896273891 0.9989750981330872 -0.0956714286869554 -0.4700202991083128 0.007466534031285 0.999644696712494 -0.0432478616627357 -0.4553377438211536 0.0637813647093912 0.9985541105270386 -0.0549962892067551 -0.4488290546136252 0.0030324966831976 0.998222589492798 -0.01659519233817 -0.415885774805577 0.4129618964071568 0.9993544816970824 -0.0870569501107279 -0.3773709512079837 -0.1756405469503288 0.9994568824768066 0.0387107090738732 -0.5424743928364208 0.346230025501764 0.3791660070419311 0.032508844249869 -0.4868684179425752 -0.3396865431853609 0.9543038010597228 0.0475389206519855 -0.6702256145374922 0.1330900507023109 0.5498682260513306 0.0310334852419728 -0.6446185150322497 -0.0743047085777727 0.9177361726760864 0.0344373609522988 -0.6966461157054709 0.0818072152466872 0.5272411108016968 0.0291286923561206 -0.6872178118269255 -0.1061310967930426 0.8868428468704224 0.0210674050788895 -0.6951010474876888 0.0830079874766503 0.5444663166999817 0.0166326912740505 -0.6877219565949906 -0.0983234739647238 0.8832404613494873 0.019506662196583 -0.6790463099294769 0.1160974571048817 0.5475432872772217 0.0132347191862831 -0.6682125065766439 -0.0663574691756842 0.8608180284500122 0.0327674010526608 -0.0037219060440769 0.1837312840113874 0.999907612800598 -0.0327674010526608 0.0037219060440769 -0.1837429545985747 0.9998544454574584 0.0353935291540817 0.2545072456956678 0.1260763147843821 0.8296713829040527 -0.0648697699567457 0.2606771872273188 -0.2366636831706571 0.982102870941162 0.0346748177707612 0.5385886885979326 0.2370974901023601 0.9571512937545776 -0.2347450878339159 0.4758267305472438 -0.0310481486378183 0.9889780879020692 0.0045146313620654 0.5848120853564751 0.2369761925240525 0.926761269569397 -0.2612205391553843 0.477022104788988 -0.015822302918662 0.9315370321273804 0.1147471810999428 0.6203088185789861 0.0706668676590855 0.9546444416046144 -0.2669613747881103 0.6002630681817409 -0.1781384489164116 0.9837000370025636
P4/rob_2_frame46.jpg,3,3,0.9958695769309998,-0.0363979170803842 -0.4593102534120894 -0.3569981909498939 0.9952934980392456 -0.0246342722061845 -0.4798729539476984 -0.3712239125006097 0.9935585260391236 -0.0191190674277656 -0.4784597515546072 -0.3712719930299182 0.9917576909065248 -0.0135279307706318 -0.4765637731173809 -0.3713309416716381 0.9917423725128174 -0.0357222972496196 -0.4879584818022519 -0.3366949629754051 0.9942829012870787 -0.0381021530330386 -0.4917969252161925 -0.336707743875601 0.9926839470863342 -0.040608368736762 -0.4948108991317808 -0.3367928919136409 0.994106113910675 0.0036844929789277 -0.4762819557171426 -0.3475265295475621 0.9909241795539856 -0.0322063614487859 -0.495734485815326 -0.187726354765369 0.991928219795227 -0.0253225280289795 -0.442609239560165 -0.3393819950880225 0.9855998158454896 -0.0403076553117442 -0.4506211540666513 -0.2937160415594482 0.9881160855293274 0.0399093317464548 -0.3826689043189045 -0.3616770727420235 0.9901410341262816 -0.0381146730985367 -0.4173290826787738 -0.0620493214363438 0.9975317716598512 -0.0733159385483328 -0.4368711660232278 -0.5385369380673533 0.9064316153526306 -0.0754027320578718 -0.5144802698087982 0.0093713903858712 0.7629066109657288 -0.1280241036400029 -0.5776697359365986 -0.5818833755726172 0.8286183476448059 -0.1305857901894745 -0.6172228254490213 -0.0502963309350114 0.7117487788200378 -0.1426014013818223 -0.6232235885083526 -0.6369196127509488 0.7541581392288208 -0.135004329971491 -0.6488407148377663 -0.0743531042519864 0.6350198984146118 -0.1333233952518468 -0.6372036327553025 -0.6400556573051429 0.7469372749328613 -0.1289630505890897 -0.6513790132093283 -0.0995913609373272 0.6314661502838135 -0.1301628901993185 -0.6217667397758168 -0.5865508675829396 0.7037574648857117 -0.1275224895343546 -0.6399403683686818 -0.0669538397329526 0.6295961141586304 0.0384878406062977 -0.0097711575987594 -0.0651850327017573 0.9991207718849182 -0.0384878406062977 0.0097711575987594 0.0651444149429714 0.999574601650238 0.0466735289848355 0.2690672785367151 -0.1623275760597105 0.9605512619018556 -0.074069461008863 0.2474703974056614 -0.0770641838746664 0.9775559902191162 0.0535580579638362 0.5683689502430087 -0.0809254140976298 0.9762023091316224 -0.0969301152327581 0.5533393071718065 0.0014338630144139 0.9848387241363524 0.0438860755135358 0.6128762760436185 -0.0853180587904738 0.9040694236755372 -0.0841373325672727 0.6069310997565679 -0.0035933493655408 0.9295605421066284 0.0939532378075344 0.6494209561140076 -0.2779761456059301 0.9658159017562866 -0.1505064895887118 0.630983884476288 -0.1841399935961088 0.9743467569351196
P4/rorymcilroy_frame144.jpg,3,3,0.8962836265563965,-0.1113421802135085 -0.4410263834580701 -0.5336550701991185 0.9968841075897216 -0.0747344002063746 -0.4582209307333847 -0.5913846191466342 0.9955593347549438 -0.0560971243566201 -0.457168353703267 -0.591308878546602 0.9944676160812378 -0.0387579862087459 -0.45622559789307 -0.5912016014476061 0.994454860687256 -0.1062343804342946 -0.4629119187010852 -0.4846931979887027 0.9958190321922302 -0.1106839949292544 -0.4649914195419954 -0.4848198740097501 0.99423485994339 -0.1167570765893538 -0.4669077256260834 -0.4850880137547204 0.9954116344451904 0.0100376170987302 -0.4560078635439223 -0.5712300931803507 0.9935638904571532 -0.098844504185533 -0.4689099487939028 -0.0785041447613855 0.9939648509025574 -0.0724134198876852 -0.4244745447313836 -0.4912077376317745 0.9913761019706726 -0.1085220221683652 -0.4305419021194022 -0.3563038705059602 0.9926519393920898 0.1165965319584949 -0.3898007206472536 -0.6542829737730397 0.9931946396827698 -0.1243569488194501 -0.4101616384235617 0.1542741545663976 0.9987627267837524 -0.2093886784689619 -0.3531713156122589 -1.0710392916488043 0.945080041885376 -0.3917182457892848 -0.4427936464579801 -0.1558751089114785 0.8101032972335815 -0.4674588458214188 -0.4509936132112141 -1.0147947142835845 0.8966239094734192 -0.501829654502901 -0.5358565563381211 -0.7855199146059055 0.8074760437011719 -0.5276268286703188 -0.474246719456349 -1.16102559079433 0.8419352769851685 -0.5074608011573545 -0.5702441403169513 -0.9207009319049656 0.7430222034454346 -0.4935387354266052 -0.4880030463093511 -1.16342172868534 0.8359684348106384 -0.4819215902512077 -0.572692671198256 -0.9476573771737848 0.738338828086853 -0.4742234513503909 -0.4758627662687911 -1.0133062975375364 0.7901284098625183 -0.4770383091436075 -0.5552277580721618 -0.8298026184104174 0.7308340072631836 0.1348603520574962 0.0052083985607821 -0.1174254913598263 0.9991904497146606 -0.1348603520574962 -0.0052083985607821 0.1163931215401791 0.9996851682662964 0.2127380136664641 0.3165326881389119 -0.3343842811443163 0.9740532040596008 -0.2142962347303862 0.2987541591063166 -0.0917323346364694 0.9861164093017578 0.343487490329634 0.6024980283789209 -0.0702558397105802 0.9843977093696594 -0.2438351217454377 0.5951684159945656 0.2264918759023203 0.9897342324256896 0.3161661757181825 0.6447016023601573 -0.0807719039254162 0.8888725638389587 -0.2109600971601814 0.6334195921140832 0.222592931081282 0.9212515354156494 0.420956608520094 0.7020757694159896 -0.6907940241825118 0.97553813457489 -0.2943306218508359 0.6911196186583672 -0.2825230121224534 0.9805189371109008
P2/Charlie Wi_frame277.jpg,1,1,0.9838194251060486,-0.0288235516173603 -0.4550915885044795 -1.1515959328858367 0.9925143718719482 -0.0115798302923393 -0.4936491243288788 -1.151811097787799 0.9901907444000244 -0.0007222558436883 -0.4943575032780075 -1.1517424436778725 0.987135648727417 0.0100038532880814 -0.4950702644043655 -1.1517331680694034 0.9900634288787842 -0.038786431548347 -0.4986334127095713 -1.1264571349917971 0.9917105436325072 -0.045980213688091 -0.5025534893501098 -1.126655209402565 0.9909271001815796 -0.0531854625249184 -0.5062653395359658 -1.1267913490418244 0.9911221861839294 0.0270584106293676 -0.5023571678102338 -0.9105755279435624 0.9819101095199584 -0.0585761978436356 -0.5166554087105295 -0.8010492161797131 0.9896098375320436 -0.0079982768427702 -0.4329509301982049 -1.0417677621471706 0.985338032245636 -0.0405902817685326 -0.4381211689659973 -1.0107388068028396 0.9830218553543092 0.0876544269943098 -0.3589198888108669 -0.6609211383151098 0.9982452392578124 -0.1137754168780267 -0.4406535561505666 -0.4245123906164567 0.9988190531730652 -0.0471172426065398 -0.1751174258799831 -0.5983055225377224 0.4038072526454925 -0.1540423670033186 -0.2256761383373264 -0.1747687871632426 0.9543479681015016 -0.1580683462602336 -0.0253208043216328 -0.7994305859837559 0.5884908437728882 -0.2284093753115754 -0.0320519746185289 -0.3802845730842497 0.9470088481903076 -0.189415739816566 0.0273512131045771 -0.8907840818136694 0.5982362627983093 -0.256556756982443 0.0209129183191776 -0.4412453326672503 0.9311670660972596 -0.2052690693429931 0.0161803129840256 -0.9453890776157572 0.6115841865539551 -0.2495266491622163 0.0237359168903417 -0.5317303540065885 0.9299585819244384 -0.1952160626336555 -0.0005008828573176 -0.8210645915660274 0.6079690456390381 -0.2372638565486786 0.0094378950989074 -0.4200751075084211 0.904867708683014 0.0688567856237521 0.0066569654291453 0.0053382467638794 0.999713897705078 -0.0688567856237521 -0.0066569654291453 -0.0056048349179597 0.9995678067207336 0.1195771273845722 0.309830301269672 -0.0900585533290969 0.7628549933433533 -0.1069153375342998 0.2853464927988501 -0.359296609980019 0.9784330129623412 0.1236804520695857 0.5828948659477495 0.347062411072903 0.9126768112182616 -0.1367180136172771 0.589942137295458 0.0100598470141065 0.9849393367767334 0.1021684901231523 0.6224974780050679 0.3902827660600764 0.857570230960846 -0.129327398683647 0.6271349900943424 0.0319164854587021 0.9303617477416992 0.1781401056602325 0.7204788708218385 0.0887256958657103 0.9090046286582948 -0.1636873199763141 0.7171010886134354 -0.30539703515743 0.9770683646202089
P7/rob_1_frame683.jpg,6,6,0.8732309937477112,-0.0289815523960938 -0.2411963880134965 -0.929581588694234 0.99701988697052 -0.0238577764629982 -0.2672418292187211 -0.9150872051653116 0.9965288043022156 -0.0185433456223257 -0.2683292366987482 -0.9151035982429 0.99646258354187 -0.0126809420110177 -0.272201247472871 -0.9151749764348992 0.996330976486206 -0.0365105855622172 -0.2688443379335946 -0.9176788482752944 0.996641218662262 -0.0403280381249913 -0.270101482071151 -0.9177943682439248 0.996675193309784 -0.0448450140454806 -0.2716791450278046 -0.917668858743639 0.9966572523117064 -0.0027702166608996 -0.275762728959552 -0.7336937887614574 0.994208812713623 -0.0532647377605709 -0.2711239149051118 -0.7676902141194805 0.9958422780036926 -0.0173255619471038 -0.2307979686051252 -0.8388547838264221 0.9964243173599244 -0.0342121394753509 -0.2293605006140969 -0.8354134328614432 0.9961535930633544 0.0448300724383038 -0.2180414220617924 -0.4181769501537311 0.9988102912902832 -0.078271267673634 -0.1552202458024204 -0.5142533199842344 0.99852454662323 0.0509438365726331 0.0035310859886526 -0.2090250586269762 0.8072560429573059 -0.0337559508630877 0.0293723821495347 -0.3576384032227709 0.8548410534858704 0.0505806274473163 0.2005565825821831 -0.2961721532473513 0.7326686978340149 0.016676071628278 0.2504166403508179 -0.4882268759652775 0.7985612750053406 0.0550389468870599 0.2524136928757733 -0.3242488632579665 0.6771848201751709 0.0309228513811264 0.2810126120572204 -0.5288440982246009 0.7376633286476135 0.044765012411625 0.2501733056053658 -0.3786282662590858 0.6854128837585449 0.0279877220673002 0.2533055787533144 -0.5626072637494397 0.7441380023956299 0.0421373386831927 0.2518156870662484 -0.3192804373492042 0.6654589772224426 0.0250703519208613 0.2408280560514333 -0.5001913038767045 0.7259086966514587 0.0473338588980866 0.0012915525243694 0.0168253983172181 0.9986978769302368 -0.0473338588980866 -0.0012915525243694 -0.016838917803569 0.9986953139305116 0.0570605036477854 0.4403965288058563 -0.0607007167317121 0.8635324239730835 -0.067597922693208 0.4790245962468747 -0.0798029691793538 0.8808510899543762 0.0264005818626658 0.8468985767049422 0.0950745030515638 0.8717560172080994 -0.1324398019071813 0.8693786089153135 0.0572244824502634 0.9015860557556152 0.0021014303236625 0.9091632421324348 0.0988465011107905 0.7544735074043274 -0.127246099252498 0.9233994346893408 0.0617104278544194 0.7606033682823181 0.0520180954383446 0.9931265364052542 -0.1527468655132425 0.8743739724159241 -0.1492457801372857 0.9888001300117294 -0.1900673395473294 0.8951281905174255
P1/rob_1_frame570.jpg,0,0,0.8788500428199768,-0.0186791151565804 -0.4502965390663886 -1.346270459552579 0.99993234872818 -0.006473726619571 -0.4779704841668675 -1.3445547498445192 0.9998664259910583 0.000757822832873 -0.4801928251880063 -1.3443620955815505 0.999861776828766 0.0076312329503109 -0.4836011260925696 -1.3444205834398466 0.9998569488525392 -0.0272955029700675 -0.4833472176536825 -1.3426668368644823 0.9998722076416016 -0.0340513445885655 -0.4884205453755861 -1.342930625009163 0.999866545200348 -0.0406892225198918 -0.4941314105123295 -1.3430060071643657 0.999851942062378 0.0147945136357234 -0.503440464498983 -1.100832090036153 0.9997669458389282 -0.0538602535011357 -0.5135691388782465 -1.0960235384295092 0.9998090267181396 -0.0081559441249916 -0.4363787999212891 -1.234007263826561 0.999855935573578 -0.0327444571062314 -0.4391232833936024 -1.2334497520286465 0.9998342394828796 0.066413901667358 -0.3981111426898574 -0.8095673967770363 0.999781370162964 -0.1126824410413559 -0.400549750470811 -0.6947605719974819 0.9998380541801452 0.0222331417215945 -0.1215827222008127 -0.7023056045147464 0.9463237524032592 -0.0958197591933976 -0.1139806837811209 -0.5079383981554865 0.9492793083190918 -0.0501718629373331 0.1164648370057814 -0.8448394284148897 0.9200233817100524 -0.1041212807832531 0.1420135585930694 -0.7264791698526688 0.9322754740715028 -0.0654999300844223 0.2017253148429159 -0.9217336725892226 0.873146653175354 -0.1190946664923638 0.2218305161322263 -0.791782394994747 0.8927158713340759 -0.0802071565194622 0.197051818814466 -0.9880892345938712 0.8781387209892273 -0.1129860444003831 0.2238564486021949 -0.8914401234976574 0.8982565999031067 -0.0757711686182826 0.1672842652593347 -0.8699623346824875 0.8560950756072998 -0.1055499850380183 0.1964256430612884 -0.770522305496732 0.8858885169029236 0.0540583416022908 -0.0052863341788065 -0.0301535690975148 0.9999045133590698 -0.0540583416022908 0.0052863341788065 0.0300332558928092 0.999922215938568 0.0652000810135964 0.4223178050421872 -0.1570676491488789 0.9597979187965392 -0.0728440093858517 0.4188107070796912 -0.0031530129731621 0.9634175300598145 0.0692082776539273 0.8330286353272636 0.0786415936401957 0.9686003923416138 -0.105879374429166 0.8334192788943295 0.1959343252921889 0.9753018021583556 0.0525584046687561 0.901490846998212 0.0793956992337639 0.8921310305595398 -0.0897391954658698 0.8966363547596293 0.1950513142372829 0.8773166537284851 0.1042393432674827 0.960874004233374 -0.2317735014411052 0.968128502368927 -0.1563793917944227 0.9592647977537658 -0.0989028757565914 0.9712599515914916
P3/rorymcilroy_frame106.jpg,2,2,0.9321869611740112,-0.1032597790521349 -0.46522643829462 -1.6920464677511642 0.9945884943008424 -0.052997867233419 -0.5073800057449814 -1.740959661625214 0.9901455640792848 -0.0305127782161615 -0.5057787883809443 -1.7407921252732328 0.9853638410568236 -0.0065455207516464 -0.5038359578547591 -1.7405305069458146 0.9865931868553162 -0.1072826639483577 -0.5139936667508965 -1.6584024766232266 0.9912858605384828 -0.1222303151300256 -0.5169476898459656 -1.658952126666889 0.986982524394989 -0.1371321202153743 -0.5202691106017984 -1.6595982484687866 0.9905567169189452 0.0451601972115086 -0.4977561617482317 -1.502559960765386 0.9761245846748352 -0.1478053304167634 -0.5247986923403309 -1.1414245371581533 0.981953501701355 -0.0722616548162979 -0.4374566590635151 -1.5570041182595742 0.98663729429245 -0.1318225259492052 -0.4469200731676581 -1.4550235333393744 0.9893232583999634 0.0967695691944703 -0.3682691768169335 -1.4605402840407633 0.9933239817619324 -0.23723691430579 -0.4193023595893649 -0.4498340988453623 0.9984267950057985 -0.4317193880099405 -0.2559017154080211 -1.7689021341080235 0.940760612487793 -0.5339591385857391 -0.3167531321411566 -0.5379698544563957 0.6704506278038025 -0.7436652833847878 -0.1851597423400157 -1.936918832431794 0.9232197403907776 -0.812017190653667 -0.2267483148255874 -1.1168148054549594 0.683616042137146 -0.8355657015717605 -0.1805746924849489 -2.0862883071347067 0.8806531429290771 -0.91737782461954 -0.2299717544866804 -1.240220925166373 0.6499698758125305 -0.8775400195899767 -0.1995041620321174 -2.0616501495940147 0.8781470656394958 -0.9275467592059284 -0.230185577158128 -1.3469552911850202 0.6554095149040222 -0.8253518327798576 -0.1969603640211226 -1.9206501973637276 0.8292554020881653 -0.8737799793570818 -0.2224368322119314 -1.1813183134164191 0.6552891135215759 0.1437772257317964 0.0017503901218823 -0.1903936811139049 0.998340904712677 -0.1437772257317964 -0.0017503901218823 0.1885820213632997 0.9991326928138732 0.2443844402110928 0.3316279578364902 -0.7024852694242334 0.9305911660194396 -0.2521445051810719 0.3313252100893289 -0.9448949000419556 0.9518295526504515 0.3882975376727899 0.7060822698701495 -0.6516969136106093 0.9627646803855896 -0.2828199458500862 0.7115616644930564 -0.6774480810452073 0.9641558527946472 0.3731460631740158 0.7549791125987358 -0.670244709689244 0.856114387512207 -0.2379421517874408 0.7609212446382635 -0.6736939838247983 0.8794559240341187 0.4616553166808512 0.8320190437871661 -1.2535232108912515 0.955120086669922 -0.3592035672152144 0.8217736675957352 -1.2995847649964434 0.9497328996658324
P6/rorymcilroy_frame226.jpg,5,5,0.9825190305709839,-0.2623619694967432 -0.3674694533460733 -1.7975541586617834 0.9897386431694032 -0.2968245225691743 -0.4088911230266017 -1.8575672737491231 0.989002525806427 -0.2801655523402405 -0.4149051129198032 -1.8573203476830653 0.9889702796936036 -0.2658866552590698 -0.4213137456971578 -1.857340272552949 0.9887564778327942 -0.3275346770806091 -0.4017398737446269 -1.782248063377863 0.9882320761680604 -0.3332637887746415 -0.402510242746585 -1.7826950683456686 0.9879851937294006 -0.3418769067839098 -0.4037317084306996 -1.783549821543592 0.9884381890296936 -0.196759335404972 -0.4479789144213887 -1.71219328827085 0.9868135452270508 -0.3163765127449581 -0.4232329376284465 -1.356465216805979 0.9860731959342957 -0.201356761929782 -0.3679389923929138 -1.6966257976701231 0.9878014922142028 -0.2315585950583529 -0.362329489218391 -1.5952263558262154 0.9874787926673888 0.1227021520600896 -0.4051026106389412 -1.4294974553560154 0.9881144165992736 -0.3926605375001654 -0.3479727309641334 -0.809273377809576 0.9881254434585572 0.0621903222235797 -0.1417597564018864 -1.3609478381281264 0.9362303018569946 -0.3550997857612495 -0.1379581386682608 -0.565042387604626 0.8604958653450012 -0.1944532689167766 0.0686455649644119 -1.5733139801717202 0.9183199405670166 -0.3282296755182158 0.0578008615281798 -0.8307937197890696 0.8208490014076233 -0.2411808840071427 0.1269642359087336 -1.712410208431666 0.8963069319725037 -0.3540897846188163 0.1248565879164624 -0.9191774775823442 0.7574121356010437 -0.3039720952382539 0.1150662421782377 -1.775864158787239 0.8978212475776672 -0.3552708075610838 0.1204118001270107 -1.0627464240297035 0.7642255425453186 -0.2770929713636062 0.0909500335941166 -1.587520175197899 0.8661014437675476 -0.3353704879635849 0.0979417653166066 -0.8891808824736162 0.7380655407905579 0.1482171339502062 -0.0046625381531796 -0.1533290490795107 0.9846248030662536 -0.1482171339502062 0.0046625381531796 0.1529802749062356 0.9846115112304688 0.1519835273602875 0.3285248126533667 -0.218767643970938 0.9394038915634156 -0.3060448747082288 0.3367899570421678 -0.1387107027827708 0.9532914161682128 0.1512061016335789 0.6191986583499296 0.3686167048198923 0.9331563711166382 -0.5427945506735488 0.6661794853283999 0.0594753400324215 0.9439069628715516 0.144028285858426 0.6469162871655124 0.4008855949483673 0.705141007900238 -0.5386092012940399 0.7086723539660039 0.0602148210385444 0.7869439721107483 0.0896701572051349 0.7132803359278356 -0.1561402050892347 0.9165452122688292 -0.6248403022371813 0.7706743980292251 -0.4978468906261181 0.921467900276184
P1/eric_1_frame72.jpg,0,0,0.9717042446136475,-0.0289312677820469 -0.4233912647438094 -2.1818253798656926 0.9999171495437622 -0.0101343191552713 -0.4624039591632879 -2.178413201805404 0.9997577667236328 0.0024730775126387 -0.4680159210694372 -2.1781416931436683 0.9997673630714417 0.0156783569221698 -0.474464674550008 -2.1782839298612693 0.9997612237930298 -0.0423214361349329 -0.4624704740880314 -2.169278861264497 0.9997600317001344 -0.0522479431241977 -0.4670554944089104 -2.169802713270669 0.999768853187561 -0.0622431258337838 -0.4727823542712198 -2.170072906665531 0.9997527599334716 0.0406551809015276 -0.5022683828309651 -1.8011339723258368 0.9994990229606628 -0.0882158886792517 -0.5015084404210071 -1.7617879517015702 0.999694049358368 -0.0068797852245301 -0.4127516012662283 -2.008448403768432 0.9998639822006226 -0.0499988367705823 -0.4093910944045398 -1.9983986374835967 0.9998612999916076 0.1603750933149465 -0.4107304118722566 -1.2822047282182278 0.9999485611915588 -0.1835317758367043 -0.3889343729310924 -1.1579896094218605 0.9999752044677734 0.0690784738275178 -0.1082604618831373 -1.0456425194152514 0.9692456126213074 -0.1703182290353972 -0.0753928821917282 -0.7635391951187475 0.9851401448249816 -0.0434606451426162 0.124366468434449 -1.2990884332822894 0.9593462347984314 -0.1357088602129927 0.1884844132487152 -0.9156421053283396 0.967862904071808 -0.0586634391423967 0.2071743555205715 -1.3982772176962766 0.921152412891388 -0.143567016096109 0.2806075840184792 -0.986484539928434 0.9350683093070984 -0.0746516353609 0.1975163508687601 -1.507110666198073 0.9260239005088806 -0.1266038313338371 0.2797158330782738 -1.1051733770606946 0.9376164674758912 -0.0724459328141088 0.1613850303784956 -1.3375303958263205 0.9041970372200012 -0.1143839686554284 0.2443868253808195 -0.9584609002367076 0.9223901033401488 0.0975690332593221 -0.0034524815951967 -0.0016291853687134 0.9999225735664368 -0.0975690332593221 0.0034524815951967 0.0016118034050338 0.9999297261238098 0.1622346927787503 0.4022182865101296 -0.2729470469831002 0.9792404770851136 -0.1412636080101465 0.395823271076103 -0.2867401332505254 0.988278031349182 0.1870720045218876 0.8295058414712946 0.0191920512725264 0.9856110215187072 -0.1892753583778333 0.8165662459702022 0.0575608873270839 0.9891968369483948 0.1605797112614032 0.8943546988766689 0.0173940902640983 0.9100953340530396 -0.1800874676856498 0.8719923435988466 0.0611277090643649 0.8549421429634094 0.2566082851690031 0.9631251184128956 -0.5016745398375982 0.9792386889457704 -0.2270302818757495 0.9536565121908624 -0.4327857462827599 0.9838842749595642
P9/grant_1_frame405.jpg,8,8,0.9893056154251099,-0.0368209152424046 -0.4873370883725962 -0.4003298455598453 0.9981210827827454 -0.0548406204249665 -0.5048356830924985 -0.3596089643163419 0.9956490397453308 -0.0562435853910952 -0.5086239458077796 -0.3598776890364704 0.9950339794158936 -0.0572289415282413 -0.5123062624754121 -0.3599723457511727 0.9960115551948548 -0.0592606354984479 -0.4908326003514788 -0.5220817312531608 0.99667489528656 -0.0637032935645051 -0.4878419885110256 -0.5219373500121487 0.9967123866081238 -0.0677839210560839 -0.48610085816998 -0.5224721298950423 0.996775209903717 -0.0785004892127626 -0.5070782399310668 -0.064523836697807 0.9909926652908324 -0.0900086615360244 -0.4683335708932911 -0.4700691369762179 0.9949904084205629 -0.0358857339183525 -0.4766120290937017 -0.2650718972452163 0.9969230890274048 -0.0410245353527473 -0.4640654954461277 -0.448382939490153 0.996035099029541 -0.017449963747211 -0.4252109564330128 0.2477070055368729 0.999798059463501 -0.1208462303169687 -0.3627447293180088 -0.6603579197187865 0.9997405409812928 0.122472666181416 -0.4947158735782212 0.2296309662612763 0.8060890436172485 0.1143386857120427 -0.4097699793367491 -0.9977261583743496 0.98650860786438 0.2566677768686786 -0.5618468144705651 -0.1927826478517203 0.8809159398078918 0.2392088717124674 -0.5328017087240626 -0.9964701155532296 0.9782493710517884 0.3060381204594127 -0.5977658052842633 -0.2948383945833121 0.8490256667137146 0.2979952265738101 -0.5646980947146573 -1.114359055251774 0.9616206884384156 0.3086113164509338 -0.6068505662984263 -0.5376471804819077 0.8585158586502075 0.2951732149706895 -0.5959608950365732 -1.0811079493076412 0.9609081745147704 0.284751906291064 -0.5815049202806968 -0.2889215940758847 0.8427728414535522 0.2744152515268638 -0.5716423531735515 -0.985855183556408 0.93829607963562 0.0411068735075682 -0.0041317672049246 0.2758930927525327 0.9997636079788208 -0.0411068735075682 0.0041317672049246 -0.2761313266247041 0.9994546175003052 0.0525112225637355 0.3051501549210157 0.0535256463209674 0.916695237159729 -0.063530512092748 0.3194884440095134 -0.5775980391611267 0.9871876239776612 -0.0056951629195871 0.6310219287097056 0.3064000223805241 0.9556623101234436 -0.3333711715257909 0.572016605817886 -0.4071414623974576 0.9888857007026672 -0.0384157023785927 0.6739228090921184 0.3166502542455041 0.9014002084732056 -0.3748434849220605 0.5674867207690655 -0.3959623853867457 0.9335249066352844 0.0870590257929313 0.7250593061037617 0.0708834058082828 0.9605402946472168 -0.3547911851957236 0.7416068308087986 -0.649216023531111 0.9862423539161682
P5/grant_1_frame302.jpg,4,4,0.8557813167572021,-0.0766219453327819 -0.5061471641685161 -0.7775521708532586 0.9984809756278992 -0.0517366349314212 -0.5271048183668522 -0.7885323033484427 0.99776953458786 -0.0410427309637979 -0.5253880113375363 -0.7884820952401344 0.9974713921546936 -0.0305784303678763 -0.5244091647765433 -0.7885643180691898 0.9975202083587646 -0.075908877367595 -0.5311618732759803 -0.7328730894384324 0.9973196387290956 -0.0818775777937577 -0.5321290140139688 -0.7331005067829467 0.9963358640670776 -0.0879395017019197 -0.5336924465551239 -0.7333589516101233 0.9967429637908936 0.0030325133282141 -0.5098933095979657 -0.6293883958206096 0.9960995316505432 -0.0750412361251443 -0.5250751978986944 -0.3835547242305943 0.994196891784668 -0.0511390738221457 -0.4806030838966277 -0.7031713264897812 0.9963136315345764 -0.0789152994035703 -0.4831576329578286 -0.6325902909973581 0.9965787529945374 0.1043969016080976 -0.3746870344271749 -0.5553980746366423 0.9966776371002196 -0.127510824817459 -0.4249789874556308 -0.0816133946452136 0.9994582533836364 -0.0430107195686672 -0.2377380019688414 -0.7721920321893154 0.976201355457306 -0.2780149887639322 -0.354026045273295 -0.3442963908464121 0.8667116165161133 -0.2447661498939132 -0.3094721315442093 -0.998749351297764 0.9585770964622498 -0.4136839260114233 -0.4413028281523482 -1.1663050914434 0.8590751886367798 -0.3347696843629437 -0.3348101611244169 -1.124352338516515 0.9223986268043518 -0.4309404246301703 -0.4524929602915519 -1.3152341170257138 0.7917776703834534 -0.3431428031444249 -0.3349918834490102 -1.1408038855111906 0.919021487236023 -0.4158896274436903 -0.4583570839977411 -1.3618513583518497 0.7872669100761414 -0.3172188477609401 -0.3390298987665045 -1.0030857945848657 0.8785355091094971 -0.4071070869250773 -0.4513914141400304 -1.2124648889512837 0.7682408690452576 0.094187308438032 0.0092033860107248 -0.0513363363319474 0.9993802905082704 -0.094187308438032 -0.0092033860107248 0.0510527918579295 0.9997975826263428 0.1238614287203113 0.326503821947666 -0.3614099867523969 0.98587304353714 -0.198851822084093 0.3131988142799888 -0.3019505761277991 0.9942603707313538 0.0779321513052082 0.6585839171828212 0.0498564003332694 0.9902217388153076 -0.2705609181223128 0.63568337843377 0.0573737423585681 0.9940317273139954 0.0420594451570402 0.7039435582230449 0.0659288126449123 0.9104776978492736 -0.2512494129132296 0.6859670809725179 0.0689825471846349 0.9125492572784424 0.1336821911190121 0.7691500695822904 -0.3453260801687677 0.9830626249313354 -0.3499498097385211 0.7567909770337804 -0.3378519826974298 0.9877909421920776
P8/rob_2_frame67.jpg,7,7,0.9123712778091431,-0.0059974534996893 -0.440452399653005 -0.5699422433412961 0.9960100650787354 -0.0055797491831668 -0.4647542874361077 -0.5547540302024123 0.9928601384162904 -0.0019492868104384 -0.4686485250260173 -0.5548196126707937 0.9929362535476683 0.0013233325621779 -0.4731844349764441 -0.5549001303569515 0.992439866065979 -0.0192542659558749 -0.4612554115587083 -0.5772482146306915 0.99359530210495 -0.0256483458437732 -0.4618907003180791 -0.577371731290609 0.993719518184662 -0.0320563973870108 -0.4623124997749597 -0.5775701047073658 0.9925828576087952 0.0007659116922626 -0.4958981309724459 -0.3717263088203195 0.9888296723365784 -0.0468814077097257 -0.4702998903754066 -0.4668543416566405 0.9900014996528624 -4.4444317415459066e-05 -0.4322704296628978 -0.489453464056595 0.9920567274093628 -0.0151980294312126 -0.4252072761076746 -0.5172141194306492 0.9891192317008972 0.0405280383347987 -0.4572377175315336 -0.1242360496108305 0.99960196018219 -0.0679142894793516 -0.3422933908365195 -0.4160851100694778 0.9990733861923218 0.0698235884486466 -0.2460182670300481 -0.1422916288391761 0.8194694519042969 0.0177156976342894 -0.1662858240358901 -0.4156684596493709 0.9265131950378418 0.0860048129017085 -0.1171157748698775 -0.4178448761930511 0.8068563938140869 0.1100895378005293 -0.0701129582930657 -0.4653220666022228 0.9011054635047911 0.0813437000570991 -0.0975635272303011 -0.4745869603264286 0.7735224366188049 0.1323625244268206 -0.0289346357584673 -0.5286080043598297 0.8662441372871399 0.0758200783858987 -0.1085271815312755 -0.5172014124510087 0.7820907831192017 0.1432481301703826 -0.0365514763791616 -0.5540680941924366 0.8657748699188232 0.0704426773145421 -0.1171522697971862 -0.4430477851889065 0.7651776671409607 0.1328191325767448 -0.0507828117952618 -0.4746031903312301 0.8389260768890381 0.0314129785695762 -0.0011516377804008 0.0733855701378505 0.9998242259025574 -0.0314129785695762 0.0011516377804008 -0.07341982177136 0.9997650384902954 0.0455124263770858 0.267458735710606 0.0398095858564836 0.920015037059784 -0.0516461035163331 0.2780437099737642 -0.1731871442686543 0.9672200679779052 0.0257803538976685 0.5756437025048107 0.2369027555949331 0.9365907311439514 -0.1507181479647099 0.5413167906798626 -0.0692709778630857 0.968381404876709 0.0107662444466548 0.6255405788617272 0.2471539307519199 0.8842077255249023 -0.1603549165670193 0.5717015276836508 -0.0656773491700853 0.8846340179443359 0.0609337614031176 0.6481561119344402 0.0796589337191644 0.9312599897384644 -0.1643459319592143 0.6581364507682608 -0.263746490976021 0.9591687917709352
P9/jess_1_frame411.jpg,8,8,0.985680103302002,-0.0957073122978818 -0.5261977697010624 -0.5647716304767899 0.9984501600265504 -0.1058194310473294 -0.5436289035916608 -0.5113477336656292 0.9965968132019044 -0.1021295554785802 -0.5460338355125542 -0.5113327377224639 0.9960903525352478 -0.0984998578047338 -0.5481621675044166 -0.5114344092465134 0.9968962073326112 -0.1197125657579675 -0.5299813577819545 -0.5453137390572578 0.9973938465118408 -0.1260236739553373 -0.5224800618559207 -0.5453702771601301 0.997421383857727 -0.1325460842127126 -0.5146883590564204 -0.5454734531315522 0.997506320476532 -0.0947952289456213 -0.5313196850462564 -0.2044567273991315 0.9929606914520264 -0.1398873991463698 -0.4915885159965394 -0.3154430616211507 0.9961771368980408 -0.0775639681680528 -0.5079478524605829 -0.4467082787530816 0.9975928664207458 -0.0948065850967562 -0.4906330948538368 -0.488057917727041 0.9969081282615662 0.0043904627387626 -0.4343687771379841 0.1259086929250967 0.9997954964637756 -0.1208211008187494 -0.3571133177424289 -0.4341424063389728 0.9997768402099608 0.1369298497341393 -0.3482134923919102 0.1926122253675297 0.7979430556297302 0.0409097094438837 -0.2922247069327596 -0.5816873940811624 0.9884105920791626 0.2628345267553624 -0.3705544388134505 -0.046870554387847 0.8817711472511292 0.1680293005142975 -0.314685475307941 -0.6734161710370034 0.9805907011032104 0.2976836427546894 -0.3784136961530352 -0.083885413374789 0.8535189032554626 0.2472969825359451 -0.3070711274414426 -0.7698977398955942 0.9652186632156372 0.2978274873357313 -0.3871918553886174 -0.1661735040170322 0.8628548979759216 0.1994606032665085 -0.3338775648481324 -0.7600559848981655 0.9643882513046264 0.284488862808286 -0.3815961361821847 -0.0922045584374161 0.8507596254348755 0.1881894776734574 -0.3307918947564314 -0.6697608006967024 0.9429463744163512 0.0484335963457863 -0.0003355160293632 0.1515764699256329 0.9997721314430236 -0.0484335963457863 0.0003355160293632 -0.1516400934903245 0.9995120763778688 0.0691212036354329 0.2797229919195068 -0.0149240421068915 0.9250203371047974 -0.0794282211154688 0.2847777409690997 -0.3597187051430771 0.9895585775375366 -0.0260099538493151 0.5610780423201697 0.3379629644841863 0.9605162739753724 -0.2620957460343099 0.5030509247934287 -0.1043103490062409 0.9906512498855592 -0.0695347810712083 0.6027225044485923 0.3608627645740758 0.9144163727760316 -0.282805095015018 0.5021255440676171 -0.0822793430087301 0.9380733370780944 0.0418307224192588 0.653142359570654 0.1976851612446345 0.963383138179779 -0.3024551674537559 0.6393824897788893 -0.2753923673617242 0.988023042678833
P8/rob_1_frame693.jpg,7,7,0.9308385252952576,-0.0433225835978609 -0.4784680751971255 -0.4915185886855398 0.9939767122268676 -0.0405209509540279 -0.5120847628170198 -0.4631516951534677 0.9892067909240724 -0.0347861711471711 -0.5161581450101502 -0.4631900708412442 0.989349365234375 -0.0291202601421619 -0.5202662105275846 -0.4633005513348104 0.9885660409927368 -0.0560670457903542 -0.5037422616794838 -0.4737988948935538 0.9903215169906616 -0.0613297009194852 -0.5020016234564028 -0.4738564791688336 0.9905133843421936 -0.0666870299075416 -0.5005128127195955 -0.4739262192025117 0.98876690864563 -0.0233879695691068 -0.5236413626393334 -0.247360991832485 0.9831434488296508 -0.0748386897869459 -0.4929355020527075 -0.293075044574501 0.9848326444625854 -0.0314716733657243 -0.45963312168751 -0.4025009327534009 0.9879899621009828 -0.0499458539230108 -0.450510909548816 -0.4156660339711543 0.9835578799247742 0.0298381551705772 -0.4415579653086388 -0.0131851421428091 0.9994109869003296 -0.0889231895093637 -0.3562571503147644 -0.2435580441482961 0.9986109733581544 0.0846747312055124 -0.2399959920652684 0.0731031752367735 0.8111492991447449 -0.0216803551811286 -0.1953301764207706 -0.2630221307576806 0.8926432132720947 0.1554730211472006 -0.080852139317905 -0.095038510933658 0.7906198501586914 0.1074945331593772 -0.1200288625317755 -0.308013558927058 0.8608157634735107 0.1891336022564652 -0.0512788801110605 -0.1395507512243974 0.7571579813957214 0.1445102695355168 -0.0878911946624017 -0.4129537233335729 0.8225225210189819 0.1920987775610711 -0.0535543717036705 -0.202907881216344 0.7643572688102722 0.151903791773378 -0.0939831795198049 -0.4375490127837428 0.8219884634017944 0.1793223702014558 -0.0606223021602671 -0.1261187522840623 0.7513445615768433 0.135950790184931 -0.1038745649032296 -0.3134946235786748 0.7967004179954529 0.0424173322386364 -0.0022690195847255 0.043051799040416 0.9997802376747132 -0.0424173322386364 0.0022690195847255 -0.0428682024898281 0.9997056126594543 0.027652275994829 0.3050071453158037 -0.1708618586381034 0.914850115776062 -0.070922710144544 0.3139039988209822 -0.2568642434353769 0.956433117389679 0.0104551553522836 0.6491710999750643 -0.0555190098534835 0.9248166680336 -0.1415457580265914 0.6484905434536747 -0.1719771183557329 0.9575865268707277 -0.0107337835891559 0.7095886211679102 -0.0584999243759815 0.8736746311187744 -0.1359044904362191 0.6935619382589323 -0.1761394491700447 0.8839187622070312 0.0410583765318187 0.757077725790316 -0.2860432909824894 0.9153991937637328 -0.1805760313184608 0.7638562413302329 -0.4221966218244202 0.9458678960800172
P8/video1_frame872.jpg,7,6,0.6344383358955383,-0.0826690276512873 -0.4423583414944438 -0.877824621077715 0.998214840888977 -0.0831993725194624 -0.4673180035073485 -0.8742156252055892 0.9956343173980712 -0.0795515709252751 -0.4721550188795909 -0.8742024988037096 0.9953142404556274 -0.0759960364666299 -0.4775081057509743 -0.8742722089185461 0.9955021142959596 -0.0957972137020364 -0.4588701443714535 -0.8727652852386861 0.9963093996047974 -0.1007101200676702 -0.4577654875608463 -0.8728573612130359 0.99640554189682 -0.1063764564130353 -0.4568131862205991 -0.8730862448807621 0.9962729811668396 -0.0732589267931393 -0.4908552988078412 -0.6605488981593457 0.9920952916145324 -0.1125393020955168 -0.4627043918486495 -0.6482297699953224 0.9946027398109436 -0.0733074817360144 -0.4363763980203906 -0.7778243780981025 0.9971017241477966 -0.0880704783043534 -0.4254030446510158 -0.7742895527686363 0.9961016774177552 0.0075457376086584 -0.4540755667839287 -0.3846003253325898 0.999845802783966 -0.1285406408683632 -0.3367216470358815 -0.4845859763411808 0.9997252225875854 0.063263872686181 -0.23312636295119 -0.2330419971449346 0.8797206878662109 -0.0116139663853784 -0.1311233241585759 -0.458669998602988 0.9748420715332032 0.0822456693304708 -0.0902333078956107 -0.3846682831364957 0.8328748345375061 0.1264059438325907 -0.0208995257266638 -0.5648710646219766 0.961059272289276 0.1020720161228795 -0.0399088495826624 -0.4379573648021151 0.7852173447608948 0.1556323236603466 0.012913575752057 -0.6287593653432029 0.9355332851409912 0.1017030750215058 -0.0426558359177614 -0.5032385934121205 0.7939060926437378 0.1656547775382186 0.0026502587717337 -0.6708800773629787 0.9354602694511414 0.0937389174228351 -0.0611945209180179 -0.4109126758032688 0.7671841979026794 0.1551372161719745 -0.0104441554683542 -0.5797896026805492 0.9097118973731996 0.0516471344635124 -0.0126228832987812 -0.0071320842030666 0.9998892545700072 -0.0516471344635124 0.0126228832987812 0.0071756286318747 0.999828279018402 0.051126029052971 0.2582685839028574 -0.2144524314072952 0.9647477865219116 -0.0737813066116302 0.2638553334717775 0.2312479652841568 0.9797216653823853 0.0169736801780991 0.5347225869223761 0.0554986740635728 0.9629160761833192 -0.1866512857098377 0.5096308962459055 0.6746278562608026 0.9786939024925232 -0.0084269269853247 0.5783914497191773 0.0695695317095008 0.8647218942642212 -0.1870199719296216 0.5342151176768941 0.7086808650360126 0.89139324426651 0.0570019417856276 0.6250521126181724 -0.1725011519244025 0.9596733450889589 -0.2428908447998891 0.6149112662417938 0.5000196300929324 0.9750195741653442
P3/video1_frame705.jpg,2,2,0.9147509336471558,-0.0462572111109888 -0.4709284463288024 -0.7592256524706177 0.996465802192688 -0.035696991724281 -0.4891280245021908 -0.775288865704374 0.9930634498596193 -0.0303902631938562 -0.4868294720134468 -0.7752887243028491 0.9921823143959044 -0.0248570094204694 -0.4853716222912634 -0.7753363766167556 0.992641270160675 -0.048902621540423 -0.4999443220505741 -0.7307594751770699 0.992704689502716 -0.0530795518865369 -0.5040009196989599 -0.7309763851163356 0.9896073937416076 -0.0573336874652709 -0.5085360201077596 -0.7311518644087924 0.990808129310608 -0.0090551062048115 -0.4838012876559863 -0.6596381138686019 0.9876561164855956 -0.0538470086631761 -0.5128785316395842 -0.4605944693820067 0.981870412826538 -0.0340420989770867 -0.4466942752753346 -0.7010092306354961 0.9919915795326232 -0.0529175764397124 -0.4581066509521237 -0.6440931372237692 0.9930052161216736 0.0441427634077231 -0.371362966364678 -0.6224856408976804 0.9970131516456604 -0.0813311523659807 -0.4277722060102396 -0.1722849436323305 0.9997273683547974 -0.1320043684513843 -0.2867692212632592 -0.8053097527646925 0.9769349098205566 -0.179576931897793 -0.326990248727013 -0.1857619229748421 0.784680962562561 -0.2816333411253492 -0.3037333743132028 -0.9402491573189798 0.9625330567359924 -0.2806185730815811 -0.3287107517817818 -0.6222902946909689 0.8398997783660889 -0.3182503972220664 -0.3061416543853043 -1.0333494767595672 0.9288871884346008 -0.3145946021961374 -0.3319588862112942 -0.6929022570058223 0.8015503883361816 -0.3195439383722636 -0.3222520957283922 -1.044789496434483 0.9294183850288392 -0.3143258685979793 -0.3398121148044542 -0.7514544367619259 0.8149562478065491 -0.3077092670412262 -0.3202635660830901 -0.9439405148284324 0.8735031485557556 -0.3007204259700552 -0.3358490542648196 -0.6607973235701013 0.7892606258392334 0.0624281723067532 0.0059204111486862 -0.0572894729759396 0.9989264607429504 -0.0624281723067532 -0.0059204111486862 0.0569297077273006 0.999747395515442 0.0858780598021133 0.3042052312019444 -0.2649283593954393 0.983955144882202 -0.1130480800172525 0.267763795799209 -0.2756742036340187 0.9947462677955629 0.0835264110407524 0.5900642508491324 -0.0297120793862315 0.9928237199783324 -0.1370251123976077 0.5824794730510806 -0.0240245432927367 0.9957396984100342 0.0672971924167106 0.6373660303752715 -0.0236591020985104 0.9484567642211914 -0.1197862868854584 0.6230146240024997 -0.0168245499756439 0.9471360445022584 0.1354148318315336 0.695147642521187 -0.3304066509712101 0.9889326691627502 -0.1979326880554832 0.6900014754223374 -0.3081529143257412 0.9916746616363524
P2/rorymcilroy_frame83.jpg,1,1,0.9985625147819519,-0.0832440105424754 -0.438247035884494 -1.3651681080916065 0.9987195730209352 -0.0401125537114019 -0.4757304992310154 -1.3820957254247146 0.9967538118362428 -0.0185368221806622 -0.4771529175138232 -1.3820175529318324 0.9965487718582152 0.0026103808345935 -0.479448261967149 -1.3820532430589143 0.9964365363121032 -0.1026023231222727 -0.479426588550876 -1.3468375847250984 0.9965129494667052 -0.1226141725619952 -0.4834376525043796 -1.3470704967655027 0.9956263303756714 -0.141489062987942 -0.488012842757229 -1.347640056855823 0.9957588315010072 0.054674990027638 -0.49055789460488 -1.1032119609480673 0.992783784866333 -0.1590508901744414 -0.5068221572057343 -0.9487407686030792 0.991313934326172 -0.0501293768870244 -0.4150706206784103 -1.2262627509643835 0.9971808195114136 -0.1162570693552794 -0.4192401290369185 -1.1832663979361744 0.9973888397216796 0.1725555279317793 -0.3692285666178397 -0.9202483768905062 0.9996993541717528 -0.2965745207035402 -0.4211000292407929 -0.4766551390372276 0.9999131560325624 -0.0679698711038378 -0.1847388282679589 -0.9419049360619908 0.9733111262321472 -0.3992575479713082 -0.2299893400838126 -0.2875764715879995 0.9228498935699464 -0.4116475176073905 -0.0071215388006193 -1.057352617552578 0.9653436541557312 -0.5710961859802105 -0.0231494932417104 -0.5727880091496257 0.9277567267417908 -0.4791741025134389 0.0443399195942629 -1.177388394549579 0.9386746883392334 -0.648189700868248 0.0464090824982778 -0.6859752335948482 0.8887117505073547 -0.5359075731060171 0.0445223220776547 -1.205430460835146 0.939806580543518 -0.6351821314898215 0.0501113465806092 -0.8031063405778904 0.8953927755355835 -0.4918502723900496 0.0190258633683614 -1.0615320672786646 0.903647005558014 -0.5985405661324016 0.0310869034076161 -0.6295070925456466 0.8828282952308655 0.1462941396475849 -0.0008063622310811 -0.0897362329889618 0.9994027614593506 -0.1462941396475849 0.0008063622310811 0.0884227606715009 0.9995549917221068 0.2549555101921008 0.3513810949194341 -0.4721097728871129 0.9504706263542176 -0.2311173456920055 0.3368533607682848 -0.4200087325954898 0.9588751196861268 0.3628176194823772 0.6872001212262103 -0.507975818951994 0.9655839800834656 -0.2713769822454654 0.6962939409076754 -0.3442647737931028 0.9691970944404602 0.3473646589225808 0.7408360839728618 -0.5355572788310402 0.8361656069755554 -0.233734333522443 0.7439251941418281 -0.3574560114812277 0.8369948863983154 0.4231162744304318 0.8219923455762849 -1.0628726082111075 0.9636190533638 -0.3336324811681885 0.8073703845498288 -0.8533394534744269 0.957028329372406
P4/rob_2_frame54.jpg,3,4,0.5570040941238403,-0.0424729171580484 -0.4478088410345816 -0.8002108693466784 0.996307611465454 -0.0284392825142949 -0.4687581015704241 -0.8149567958536009 0.9949361085891724 -0.0204130657111385 -0.4689017454994542 -0.8148407550305662 0.993572473526001 -0.012676771335812 -0.4661522725619242 -0.8148924884005878 0.9935600161552428 -0.047990065515153 -0.4668719891217167 -0.7882202238060961 0.9954540133476256 -0.0529910777037541 -0.4676103272996535 -0.7884420665560156 0.9941056370735168 -0.0575977426991113 -0.4691022123082882 -0.788537449956993 0.9951964616775512 0.0050419078966159 -0.453718899546874 -0.718119950635482 0.9928438067436218 -0.0543000996197427 -0.4742633943635653 -0.6005719141861574 0.9935466647148132 -0.0281571440426026 -0.423330394662572 -0.7484042702607124 0.988499104976654 -0.0507082229983758 -0.4382359521468995 -0.7153469461997825 0.9904394149780272 0.0401412031587608 -0.3648289945324801 -0.6478166359628498 0.9902148842811584 -0.059881794936203 -0.4349274115289384 -0.4158269004523431 0.9980992078781128 -0.0834285616351368 -0.3576356610360385 -0.8777533231037922 0.9263213276863098 -0.1449593577407812 -0.4684942254573621 -0.7218878644187282 0.7852244973182678 -0.1767217308833558 -0.4558943356575545 -0.9546258776203936 0.8643723130226135 -0.186252825914238 -0.4823278723049669 -1.1655730648745788 0.744917094707489 -0.1886836955394006 -0.4918053777916715 -1.013864238766952 0.7995105981826782 -0.1891467810529975 -0.5086889582837147 -1.236674235051307 0.6672801971435547 -0.1788874071105716 -0.5071549800353518 -1.0047020433804026 0.7931389212608337 -0.1788945324242667 -0.5071736615300818 -1.23703469209706 0.662090539932251 -0.1762820571147571 -0.4946950218162625 -0.9527924565670788 0.7467347979545593 -0.1770180601058527 -0.4941937949175918 -1.1807724966413904 0.6576439738273621 0.0445254865149274 -0.0016633715500028 -0.0357195530708474 0.999199628829956 -0.0445254865149274 0.0016633715500028 0.0353277992822203 0.999655783176422 0.0413957373817867 0.2944029927358034 -0.1457530967296122 0.9662587642669678 -0.0858243435810948 0.2748325702148445 -0.1185938109564007 0.9820217490196228 0.0411650927737733 0.6098514078040406 -0.040661590564847 0.9797096848487854 -0.1165218715240564 0.6004810814056911 0.028017644695987 0.9876393675804138 0.0264976045940828 0.6602591102189224 -0.0460192726051572 0.9032649397850036 -0.1015449411496065 0.6529068642641042 0.0262169967176117 0.933922290802002 0.0752032551846168 0.7007572377048814 -0.2661153776130188 0.9703254103660583 -0.1733754680164206 0.6849738894745843 -0.197149062191031 0.9785507321357728
P5/rorymcilroy_frame212.jpg,4,4,0.9996201992034912,-0.274424366739433 -0.3893642155078574 -1.3448191632624518 0.9864456057548524 -0.2663297337049221 -0.4162168405921012 -1.447005282080815 0.979614794254303 -0.2509857575560174 -0.4181547513900285 -1.4465568128589974 0.976450741291046 -0.2355089016376851 -0.4204528682052634 -1.4465376568338428 0.9754016399383544 -0.2987440318392987 -0.4201157585347406 -1.3095404331641216 0.9799731969833374 -0.3058250929099286 -0.4241235505950312 -1.3099488929663123 0.9767746925354004 -0.3137036750784543 -0.427991006584964 -1.3104662268861544 0.981364130973816 -0.1628452485993337 -0.4395359670996311 -1.5767057575359178 0.9690016508102416 -0.2684615083270416 -0.4453544884997019 -0.8815077197902131 0.9668372869491576 -0.2090568557123723 -0.36956300815152 -1.3265574092567576 0.9733654856681824 -0.2479760792747518 -0.3725313433658378 -1.1485642306646908 0.9771001935005188 0.083970436265573 -0.3473833620390302 -1.586028073549646 0.9939059615135192 -0.2421258534406433 -0.3858962475108657 -0.3673665819445035 0.9988874197006226 -0.4236909032800661 -0.2223079754927946 -1.8835623660282268 0.929083287715912 -0.4874636145926662 -0.2926941226290525 -0.1994863297461253 0.659669041633606 -0.7914581553139997 -0.2489455196363776 -1.867332969298913 0.9022626876831056 -0.7684869288962253 -0.278180463178071 -1.1368306802947823 0.688136875629425 -0.8648932627071567 -0.261762900935845 -2.0200959653929385 0.8678340911865234 -0.8333099480943639 -0.2975596923980103 -1.262699102034289 0.6316470503807068 -0.8545621031155033 -0.2820189426489407 -2.0055927932595257 0.866225004196167 -0.8198866665688803 -0.3041268142874331 -1.366574830767562 0.6288705468177795 -0.8293162199512752 -0.2767469135487733 -1.8582857483552853 0.8118139505386353 -0.7979946639353747 -0.2954136113773576 -1.2107564486613638 0.6120713353157043 0.1629007768241491 0.0060981023747968 -0.1801099193716597 0.9985029101371764 -0.1629007768241491 -0.0060981023747968 0.179013964375547 0.9993446469306946 0.1988105645865941 0.3175114200406106 -0.8844020375782212 0.9480802416801452 -0.3277462539234957 0.3109612718443629 -0.7455017598019142 0.9714016914367676 0.1777182047626311 0.6599159129087396 -0.4089387937501416 0.9571447968482972 -0.5141632339570036 0.663029373199704 -0.4661542036672274 0.9731312394142152 0.1519612315728361 0.6962558625525063 -0.396723887627889 0.7588204145431519 -0.476313777406981 0.7150661093290852 -0.4717141793480427 0.848692774772644 0.2114431144914518 0.784401342376477 -0.9858481639944856 0.9424300789833068 -0.6347376820358807 0.7727276848953434 -1.068342434536825 0.9583024382591248
P2/nick_2_frame50.jpg,1,1,0.9742555022239685,-0.0550390767330017 -0.4553844275623996 -1.545501649581843 0.9995560646057128 -0.0376399568158251 -0.4908316222560814 -1.5413268216484506 0.9991061687469482 -0.0259686078051218 -0.4933464341366295 -1.5412499028011744 0.9989790320396424 -0.0142872286789514 -0.4961502027831494 -1.5412634466513593 0.9990437030792236 -0.0685400593542887 -0.4909931901670128 -1.51575475477775 0.999068021774292 -0.0780928818745221 -0.4938625698236264 -1.516106639338213 0.9988396167755128 -0.0864968409142176 -0.497728827962713 -1.516332923854037 0.9989755749702454 0.0044588654707593 -0.5091532572518861 -1.225518733824215 0.9980961084365844 -0.0941232424039144 -0.5222930918302725 -1.122164718658472 0.9981501698493958 -0.0339620987436964 -0.4307391561380743 -1.403277678790799 0.9989961385726928 -0.0689985697919142 -0.4333986700029085 -1.3736493565619097 0.9991366863250732 0.0822759511129797 -0.3787664837502241 -0.9218948725073052 0.9997323751449584 -0.1526412359379335 -0.4181329620341879 -0.6092417990291948 0.9999308586120604 -0.0555018675383744 -0.1493946728308892 -0.8360868513699413 0.9703594446182252 -0.2108633730087166 -0.1792497267782034 -0.3475571086705113 0.9355319738388062 -0.2430327642994088 0.0368010686234799 -1.0673650230888787 0.9335646629333496 -0.3106823793901299 0.025587399531287 -0.6452985308672804 0.8759891986846924 -0.2858823758660512 0.0956480754992533 -1.1715512184079606 0.8790355324745178 -0.348244778497821 0.0862228334923177 -0.7223477696445403 0.8127666115760803 -0.3068018746539148 0.0806504335464554 -1.2391975114222211 0.8797271251678467 -0.344199703204643 0.0755551348891799 -0.8304085282938598 0.8199303150177002 -0.2881259913124736 0.0567620205803368 -1.0911188919583497 0.8184027671813965 -0.3280364596168333 0.053991536584507 -0.6913174672632619 0.7987651824951172 0.0803666515534314 0.0024295878421207 -0.0204205344828595 0.9997299313545228 -0.0803666515534314 -0.0024295878421207 0.0200844916752293 0.9998420476913452 0.1237960293485052 0.3447802999521894 -0.2612003699424038 0.9839168190956116 -0.1511864858786925 0.3251164182941982 -0.3830620244426931 0.9933735132217408 0.114641792117438 0.6724782272004874 0.1612722141834396 0.9906201958656312 -0.2142062763331134 0.6468241305956486 0.0591985640200466 0.992515504360199 0.0790284936007346 0.723124177244995 0.1798790686091982 0.9371644258499146 -0.1918481906657107 0.6817866854426218 0.0816652480475105 0.9089902639389038 0.1745445804467715 0.7916487761665255 -0.2234920869578396 0.9838477373123168 -0.2476028554455069 0.7710593128977888 -0.3315571579179491 0.9842215180397034
P7/rorymcilroy_frame237.jpg,6,6,0.7714966535568237,-0.1317452051851497 -0.4162762899692273 -1.044641561722324 0.9990428686141968 -0.1480129230195592 -0.4470494651573999 -1.078480615304062 0.9979780912399292 -0.1423503008089385 -0.4507578514834226 -1.07834359534071 0.9979836344718932 -0.1351029882771315 -0.4546344502313421 -1.078358681147933 0.9981272220611572 -0.1763087931501218 -0.4406474115385898 -1.0511779130535586 0.9979973435401917 -0.1915157405397719 -0.4404209542895562 -1.0514152025927412 0.9980936646461488 -0.2021780034330387 -0.4404100085722851 -1.0519078165835016 0.998264729976654 -0.1369325677546732 -0.4693385751892536 -0.8667425203220387 0.9968167543411256 -0.2167826528049735 -0.4501154569780874 -0.7955757918813765 0.997236967086792 -0.1030801297725414 -0.4087839181403819 -0.9396698078365175 0.9987213611602784 -0.1340190786994881 -0.4047809048650154 -0.911690285949158 0.9984689354896544 0.1363791568265314 -0.4482029055608172 -0.5256493564692337 0.9996765851974488 -0.319339486550259 -0.3305945762965556 -0.6042579249558991 0.9996094107627868 0.2131469732641401 -0.1942541548321804 -0.2755795013877365 0.9221503138542176 -0.1265688450464584 -0.1135432146396108 -0.5389962124855294 0.9025865793228148 0.2417666778279564 0.041339422022683 -0.4385215887752162 0.9002963304519653 0.1661301835049789 0.0606424496412844 -0.5570396886281009 0.866258442401886 0.2630347169077438 0.110674245729803 -0.5180688517666098 0.8662694692611694 0.2113524427672903 0.1164653808696274 -0.6671333009204871 0.803644597530365 0.2326817324929471 0.1125068877396381 -0.6288536889403435 0.8722478151321411 0.2331150240989117 0.1138388624330524 -0.7275319389630749 0.8085778951644897 0.2196811694800572 0.0890166979131353 -0.4791624982239643 0.8534443378448486 0.219693759890597 0.0905965108680765 -0.5733172746221227 0.7808170914649963 0.135088469605518 -0.0023764116326085 0.004870062601875 0.999527871608734 -0.135088469605518 0.0023764116326085 -0.0057785939105757 0.9995585680007936 0.1866416636811579 0.3141129349100914 -0.242619252790321 0.9261518120765686 -0.2320938397197234 0.3346875939932134 -0.2625292856521998 0.9480158090591432 0.1574666199281263 0.642454621709875 0.1578367326271479 0.9321376085281372 -0.4851947794251187 0.6383672753693163 0.1009836420985899 0.9491183161735536 0.1120348607715173 0.6873566762068363 0.1708385716951601 0.6510686874389648 -0.4836846674366344 0.6676512091594489 0.1144493342927453 0.6897062063217163 0.1860066986523124 0.7491274988575803 -0.3611937826363909 0.919301211833954 -0.5543241866143325 0.7468511299465584 -0.3745135012137529 0.9388498663902284
P10/rob_1_frame729.jpg,9,9,0.9999372959136963,-0.0054620007464044 -0.4916715075285054 -0.0414793666500738 0.971406638622284 -0.0093410311116687 -0.5091921321367247 -0.024105863036934 0.965952217578888 -0.0099475128755742 -0.510207990905559 -0.0241880867821182 0.9662007093429564 -0.0104965178467295 -0.5115417863272198 -0.0243290505213454 0.9629887938499452 -0.0086429638522446 -0.507546713800835 -0.0291289841112344 0.9677823781967164 -0.0090196835885655 -0.507189806140803 -0.0289277790507548 0.9692916870117188 -0.0092672256846145 -0.5070948097750076 -0.0291948111861383 0.961271345615387 -0.0170284795702958 -0.4977900282314938 0.030631869344711 0.9628221392631532 -0.0138338729833482 -0.4923344500812489 -0.0969502864620919 0.9575666189193726 -0.0033763624296783 -0.4719273583583262 -0.023289626358198 0.9587244391441344 -0.0043434530107247 -0.4698425183303882 -0.0259560469827278 0.9473658800125122 -0.030582262046549 -0.3940927500749786 0.1695411534108988 0.9959295988082886 0.0074268071692808 -0.4055720702775405 -0.2419663754361548 0.9950242042541504 -0.0486237338032125 -0.4003805080010646 0.4405654584525409 0.2540342807769775 0.0456659286995274 -0.5337570747271163 -0.2983178531388715 0.9172178506851196 -0.009869861147995 -0.4436296899660343 0.5439205610057518 0.4170261323451996 0.041615846818465 -0.6061771078752491 -0.1369636320384964 0.8691203594207764 -0.0031987068884505 -0.4591050261271853 0.5676488243744052 0.4179771840572357 0.0436973485478341 -0.6498311673992506 -0.1434510347333396 0.8470409512519836 -0.0003577422346741 -0.4584138531800229 0.5258225921743963 0.4319819509983063 0.0325731942843118 -0.6237116662514076 -0.1390745253096127 0.8431289196014404 -0.001444503562242 -0.4504779917648506 0.5241874064493373 0.437747061252594 0.0310735725098301 -0.6116158493892339 -0.1304098534452072 0.8181663751602173 0.009029988771104 -0.0007987967901529 0.178908328480381 0.999658465385437 -0.009029988771104 0.0007987967901529 -0.1793745835614689 0.9995391368865968 0.0220874533362229 0.2656673881284476 0.1551232777502035 0.8040191531181335 -0.019767553546015 0.2826485872309697 -0.3099411011813598 0.9772741794586182 0.0082822824633957 0.5645249389169211 0.2088098679057222 0.9296010136604308 -0.1593490013075962 0.5197550168104366 -0.3037723789993501 0.9866713881492616 -0.0105604535214933 0.6223314975083234 0.2083112821287123 0.9076893925666808 -0.1839575594945067 0.5280337069742854 -0.3010895662402718 0.9540075063705444 0.0429839686580182 0.6591408838189096 0.1379774950853603 0.92231547832489 -0.1631434856330196 0.6767271858228849 -0.4033622617683957 0.9700486660003662
P7/eric_1_frame96.jpg,6,6,0.8181200623512268,-0.1372085219390701 -0.4335852279424999 -1.2957176874116214 0.9502206444740297 -0.1338295299185234 -0.4699971827743536 -1.2838857195212603 0.9638941884040833 -0.1250992391208284 -0.4774790678793896 -1.283743968115083 0.9649754762649536 -0.1167322422773919 -0.4839227725248223 -1.2837503188386223 0.9652273654937744 -0.1569446166302947 -0.4565692292068584 -1.2890488577586752 0.9599418044090272 -0.1643235874461817 -0.4546291645851484 -1.2894112560980755 0.9562607407569884 -0.1721033052013022 -0.4530422164761276 -1.2898422096838869 0.9533752202987672 -0.0964332943576176 -0.5015347944507638 -0.9803760111097912 0.9576177597045898 -0.1794347270101773 -0.4592661698031955 -1.000018473338578 0.9520736932754515 -0.116498079701765 -0.4322240561972528 -1.1588021129506827 0.9659236669540404 -0.1402689193287307 -0.4128248755317389 -1.1646592712835924 0.9631213545799256 0.0514498168165502 -0.4741676540708632 -0.5108514280121503 0.988168478012085 -0.2000587017039094 -0.3119082960335371 -0.8336871616391335 0.976186215877533 0.0875370705525764 -0.2078985884935877 -0.2768189404433827 0.823029100894928 -0.1464037182676515 -0.0857730349602494 -0.7616483805278496 0.8030393123626709 0.1146649189262991 0.0224087722668605 -0.5122497677740085 0.8001159429550171 0.091186782518867 0.0778566138099698 -0.893393814671574 0.812821626663208 0.1401777294522697 0.092028497646416 -0.5738748685422659 0.7722055315971375 0.1330066227029945 0.1354242943026695 -0.9932875205822927 0.7654323577880859 0.1348403534151882 0.1012611469599726 -0.6779826866189435 0.7756820321083069 0.1464621774920257 0.1339813773467376 -1.0435660360035133 0.7704991102218628 0.1190679244077845 0.0714954685705473 -0.5558850599852713 0.7465805411338806 0.129385407573098 0.1094526032912215 -0.9090521749138688 0.7467547655105591 0.0739540127755647 -0.0057086491055302 0.1128520112595562 0.9733058214187622 -0.0739540127755647 0.0057086491055302 -0.113304174633598 0.9730971455574036 0.0798339685775898 0.3587857547408886 0.068491540715434 0.7920287847518921 -0.1206595948496935 0.3470932585097937 -0.3411970798659072 0.7945688962936401 0.0443856953330517 0.6848532331637934 0.481162080434495 0.7630653977394104 -0.2743935136332319 0.6471932797369435 0.1738805307579031 0.7736123204231262 0.0125786664234186 0.7374738628584783 0.504145552471892 0.6391408443450928 -0.284315704967993 0.6816920383928302 0.24453129203308 0.6752277612686157 0.1251877421527152 0.8032919474239963 0.1856509861914189 0.7576704025268555 -0.3134984195043276 0.7958140518760556 -0.2321445925125419 0.7694007158279419
P2/rory_frame191.jpg,1,1,0.9997082352638245,-0.1203123033016266 -0.4383095384019991 -1.898247973231344 0.9994834661483764 -0.095969875683242 -0.461869507010033 -1.9349176094362115 0.998618483543396 -0.0788627797902435 -0.4627980203020799 -1.93445054815036 0.9984728097915648 -0.0618446513328139 -0.4642178780906447 -1.934086868018688 0.9985122084617616 -0.1400692513059039 -0.4652499855474922 -1.868161643244417 0.998654842376709 -0.1539170007006136 -0.4683695260756012 -1.868482011216713 0.9983693361282348 -0.1680255460975937 -0.4716319257261082 -1.8688992280175136 0.9985207915306092 -0.0256018884101815 -0.4776381151712599 -1.5970056564657722 0.996840238571167 -0.1713524169623837 -0.4870742726212225 -1.2995188589357245 0.9971031546592712 -0.0834192189565076 -0.429261131283754 -1.7239068752649962 0.9987664222717284 -0.1416856468930759 -0.4305805190632765 -1.6399975898756898 0.9990278482437134 0.09233314537007 -0.3642086820226616 -1.2733605867864224 0.9998126029968262 -0.2527390175804783 -0.4195450778792721 -0.5370555104905674 0.9999417066574096 -0.2259413585538432 -0.1800753438534557 -1.0744718609712076 0.9758207201957704 -0.4073418414735582 -0.2403768042487956 0.0067716575302763 0.9313242435455322 -0.5304500511681597 -0.0547964139352204 -1.187672733724677 0.9686458706855774 -0.5976511740537285 -0.0874959582068071 -0.2692643637197058 0.9307176470756532 -0.5972727251857457 -0.005942996294588 -1.292910985492958 0.9420023560523988 -0.6733383915228351 -0.042635921660562 -0.3113668535354391 0.8916347026824951 -0.6166416743459157 -0.0146984428069613 -1.3750544128434783 0.9434038996696472 -0.6744016340319547 -0.0402753379710772 -0.4938129345845937 0.8989115953445435 -0.5909885213798836 -0.0318154081920142 -1.2066558851504785 0.9086723923683168 -0.6417455794285931 -0.0519028776748016 -0.3424015423038315 0.8844792246818542 0.1394816260092012 -0.002384440878911 -0.1299332474643331 0.9995327591896056 -0.1394816260092012 0.002384440878911 0.1276258720526053 0.9996832013130188 0.2768795821347588 0.3081141813699065 -0.359141159375771 0.9447068572044371 -0.2385606757037183 0.3127565348195212 -0.0450633418697546 0.955392062664032 0.4059584795045324 0.6055992748149953 -0.127046447664768 0.9612756371498108 -0.3038987012025266 0.5864737612915756 0.4375917281147812 0.965541660785675 0.3854861708351659 0.6498665738096607 -0.1419247513138886 0.8548368811607361 -0.2740380204655901 0.6277705561885064 0.4573228308305133 0.8431804180145264 0.475263898802103 0.7006892036275225 -0.7598556724366141 0.9616844058036804 -0.3590406183631887 0.6758995957144747 -0.054931178654063 0.9547333717346193
P5/rob_1_frame658.jpg,4,2,0.7264456152915955,-0.1014915087683929 -0.4411863026371022 -0.0351868082717995 0.993545949459076 -0.0791731387326959 -0.4908688688346339 -0.0554995249092015 0.994614601135254 -0.0754585774028966 -0.4936522957218694 -0.0557932097274247 0.9948257207870485 -0.0741173361661021 -0.500064250549165 -0.0561442322598819 0.9951075315475464 -0.1331410688370871 -0.4682132307473908 0.0111460046180625 0.9918649792671204 -0.1353024163887894 -0.4737100348915629 0.011508134991733 0.9908707737922668 -0.1372602660098991 -0.4792970560940525 0.0111087765046974 0.990099549293518 -0.0632977255811955 -0.5067993133189724 -0.1030871894643988 0.9941147565841676 -0.0584191389246381 -0.5115351188760998 0.1947450791037631 0.9850527048110962 -0.0694431056285636 -0.4222070364946869 -0.0543041622956883 0.9907762408256532 -0.0738485086415555 -0.4193757656026837 0.0321488145380079 0.9893665909767152 0.0446555129432198 -0.3882412258633385 -0.1551759819174074 0.9976110458374025 -0.0439755058889096 -0.4117584851306131 0.2695019265578082 0.9986623525619508 0.057823985250981 0.1040538448622961 -0.3031711258143076 0.9288185238838196 -0.1184679776708696 -0.1473633965323767 0.2105756116824054 0.7187075018882751 -0.0002301017718086 0.493236717976421 -0.3605156251004672 0.909675121307373 -0.2270037115896539 -0.366439914354503 0.1570951862409441 0.6642631888389587 -0.0044817817829348 0.5855923818523592 -0.3763949537366627 0.8707817196846008 -0.2292013176023686 -0.3480044178537186 0.1914719082181728 0.6074823141098022 -0.0188626597899882 0.5534594471525368 -0.3629481333765003 0.8687623143196106 -0.2493649910466672 -0.3724843499882245 0.1714069532612899 0.6077807545661926 -0.017952765510976 0.5202276021728038 -0.3549415839979258 0.8152992725372314 -0.2493991040366137 -0.3775610708977099 0.1401955922485944 0.5860422253608704 0.0256643394363892 -0.0055621337381261 -0.0223838504830853 0.999413013458252 -0.0256643394363892 0.0055621337381261 0.0220679131071513 0.999663233757019 0.1270572638093079 0.2956774512940162 -0.7228682561642622 0.9654028415679932 0.007546587200452 0.1229605940826869 -0.4605281533896403 0.9729876518249512 -0.0134516744884487 0.7740200945844409 -1.2212168271388717 0.9546184539794922 -0.0579645136057919 0.7251087179615164 -1.0119966033931005 0.96022766828537 -0.049341436298067 0.8974816561609956 -1.2637197889617586 0.9049860835075378 -0.0569655822775483 0.8098254321076193 -1.067122766052372 0.9017310738563538 -0.0678012838954485 0.9651133405686914 -1.5010643492679825 0.9555413126945496 -0.0473727520480749 0.9119783896056032 -1.2620938437145306 0.956288754940033
P7/jess_1_frame381.jpg,6,6,0.9182079434394836,-0.1389201642260562 -0.4378369785277302 -1.3916654837359388 0.985704243183136 -0.1338284313793758 -0.4757203702668675 -1.3706610299472792 0.9892644882202148 -0.1233567184794661 -0.4830449482978322 -1.3705787075919629 0.9895161390304564 -0.1132717541014264 -0.4915870228098636 -1.3707710706678973 0.9895378351211548 -0.1618173184093487 -0.4643933733011366 -1.3709529650050056 0.9881037473678588 -0.1707159843376537 -0.4642283122202094 -1.3712951024239224 0.987033188343048 -0.1801408233549255 -0.4648204800008118 -1.3716065474040071 0.9862231016159058 -0.0967896765228215 -0.5185748069488287 -1.050449313835984 0.987061321735382 -0.19218558322644 -0.4805654631956865 -1.0486536872013776 0.9857060313224792 -0.1086168531748649 -0.4247170613343053 -1.2522054656826769 0.9901679158210754 -0.1444219623310834 -0.4111160877473672 -1.2516995162937157 0.9893631935119628 0.0336831671738761 -0.4563044881136403 -0.6541848273357485 0.9966114163398744 -0.2160886880405947 -0.3226231246703339 -0.7397492202075727 0.9932085871696472 0.0638136250714908 -0.204658282538218 -0.4399806907283138 0.9360737800598145 -0.1521063735184696 -0.0890059610202612 -0.6471012979644082 0.9041424989700316 0.025407629131623 0.0204009845286423 -0.5924194467045211 0.9003611207008362 -0.0627762682241496 0.0617102115672417 -0.8449141851988509 0.8575302958488464 0.0261217636676998 0.0841818353098302 -0.657953573313245 0.8675858378410339 -0.0417475459954833 0.1238853005679923 -0.9304709644424376 0.7846953868865967 0.0052072458625941 0.086245366488039 -0.7378497389252908 0.8685116767883301 -0.0309800912237284 0.1117899814464641 -1.0048752058735766 0.7878934144973755 0.0028883012496098 0.0630536005808427 -0.6232586858058582 0.8328841328620911 -0.0371101326212796 0.0869829367235339 -0.8742754287186091 0.7534850835800171 0.0717905661313096 -0.0084911286324587 0.045722280023275 0.9922942519187928 -0.0717905661313096 0.0084911286324587 -0.0454597288120271 0.9921665787696838 0.0893892298761008 0.3415360909896006 -0.2407608733992969 0.7917401194572449 -0.1351566526179727 0.3440338369032218 -0.4000795090618625 0.8312152624130249 -0.0053799800532294 0.7062677844412515 0.1505696399846689 0.7415819764137268 -0.3185416548611345 0.6940662314132238 -0.349736087564186 0.8137336373329163 -0.0530815022932749 0.7438016630591171 0.1753868411687048 0.5800384879112244 -0.3204099678528196 0.7257913875377433 -0.3556138085634333 0.6214983463287354 0.04531750489822 0.8049599163198851 -0.1406794030710204 0.7593146562576294 -0.3677778585242449 0.819111866769032 -0.7048231877054171 0.8055723309516907
P2/nick_1_frame42.jpg,1,1,0.867393970489502,-0.0510629413954469 -0.5050664493806883 -1.5721493379384237 0.9990748167037964 -0.0377117441026581 -0.5453842061057644 -1.5515031848450096 0.9981837868690492 -0.0257566899220704 -0.5498997375123585 -1.5515018129164366 0.997932195663452 -0.0147560864496419 -0.5547646305300391 -1.551718440438096 0.9980899095535278 -0.0669576942623728 -0.543694676068251 -1.5302083839223333 0.9980783462524414 -0.0771910466804128 -0.5460150531617933 -1.530570847451291 0.997588574886322 -0.0867682742584685 -0.5485103168501647 -1.5307138024085858 0.9978658556938172 0.0031413391515594 -0.5705024004700121 -1.2348185800863525 0.9962478876113892 -0.0931599522867034 -0.559879283144414 -1.1330255271672416 0.9961175322532654 -0.0282176553961196 -0.4839154265724509 -1.4344612144346605 0.9979125261306764 -0.0615769903995001 -0.4814958247448743 -1.407935249863557 0.9981582760810852 0.089212776589643 -0.4017443134706634 -0.9351993948458676 0.9995260834693908 -0.1472166133192668 -0.3961501375218492 -0.6787545274085011 0.9998736381530762 -0.0162314584369272 -0.1560147569589929 -0.8450451665712936 0.9653811454772948 -0.1813172699270082 -0.1619912208046428 -0.3827030424218155 0.9151195287704468 -0.1228217339968608 0.0353351179376273 -1.0313973114661634 0.929568648338318 -0.2082190057342266 0.0602343867998562 -0.536669372828627 0.8510459065437317 -0.1411214090556334 0.1194453834807654 -1.1284485676587963 0.8745477795600891 -0.1964163728180868 0.1395995629879413 -0.5945799184152945 0.7917187213897705 -0.1589478373531876 0.1037883858355213 -1.1997087328203937 0.8747715950012207 -0.1924679623853109 0.1306802437570149 -0.6958766075767339 0.7992177605628967 -0.1543063972018165 0.0713634027867071 -1.0588124229453568 0.8075409531593323 -0.1892471542711668 0.1120465726871724 -0.5783963745837752 0.7776520252227783 0.078387848570973 -0.0023147864846078 -0.0180712339459176 0.9996607899665833 -0.078387848570973 0.0023147864846078 0.0179037418317326 0.9998140931129456 0.176519567111185 0.3703394279122212 -0.2379553860605349 0.9786105751991272 -0.1580508704522325 0.3426556928184559 -0.1881739288468097 0.9915754199028016 0.1911577705982014 0.7070943873422508 0.1601046303767409 0.9880673289299012 -0.2355773193705025 0.6819251229368773 0.239174961965405 0.9921059012413024 0.1668727141580552 0.7503747552240532 0.1746042519287883 0.9353790283203124 -0.2133186014325141 0.727517464849713 0.258620591812005 0.9071313738822936 0.2654079168915541 0.8224553336722383 -0.2506597190312062 0.98124361038208 -0.3008037426685317 0.7863301220694838 -0.152679118423298 0.984037458896637
P1/golfSwing_frame64.jpg,0,0,0.9997186064720154,-0.0774169538364029 -0.4403950481413172 -2.22318150076768 0.999932587146759 -0.0590090426263094 -0.4768783902773922 -2.252778211994724 0.9997748136520386 -0.0392481527236925 -0.4828093419216644 -2.252414773313644 0.99978905916214 -0.0183106018737881 -0.4888264772283313 -2.2526168091021948 0.9997859597206116 -0.1099159341584391 -0.4720851597217203 -2.2342439679511674 0.9997754693031312 -0.1264209520256873 -0.4741420388411548 -2.2347051190726805 0.9997777342796326 -0.1431074473709995 -0.4756669011335149 -2.2348497528335187 0.9997604489326476 0.01646132137986 -0.5160030318965116 -1.8545221375148788 0.9995556473731996 -0.1722410725767205 -0.4877234230946699 -1.7551063402824878 0.9996660351753236 -0.0341303427248017 -0.4337033583881991 -2.017233344799714 0.99987530708313 -0.0988483878629488 -0.4295935505697767 -1.990217628678285 0.99985671043396 0.2628733921191438 -0.4297095639375839 -1.282952652859144 0.9999617338180542 -0.3020580962532156 -0.3693302091412817 -1.220254804364857 0.9999723434448242 0.1931142880079242 -0.1408823125888731 -0.9458486837874372 0.9708344340324402 -0.1898968721062901 -0.108791999230989 -0.9406213907076 0.977996289730072 0.0785337135103889 0.0741988929681652 -1.0509804169226538 0.956015169620514 -0.0271116549037016 0.1084211434339679 -1.0466213295119728 0.9451836943626404 0.0762078026964633 0.1465069050964757 -1.1478593186409445 0.9163388609886168 0.0125233165404489 0.1705762525313976 -1.146483846738123 0.897616982460022 0.0487857576148201 0.1527904922312197 -1.2675866460137033 0.9206318855285645 0.0546676917972251 0.1666711409887657 -1.2314933474311038 0.9006854295730591 0.0512922590777299 0.1247262216541265 -1.0896457616992452 0.8994495272636414 0.048035983938234 0.1418958776062968 -1.071890072966956 0.8858305215835571 0.1604425372569714 -0.0074161484905161 -0.0508473228197332 0.9998725652694702 -0.1604425372569714 0.0074161484905161 0.0490730700814796 0.9998907446861268 0.2885367745146528 0.3431369060601598 -0.4232458698788084 0.9814155697822572 -0.300614983477851 0.3566381532131882 -0.2151200647949002 0.9873228073120116 0.3917117595956305 0.705606363577377 -0.2192283408176392 0.9865784645080566 -0.4179049820559269 0.6964678317721744 0.0392748961631312 0.988676369190216 0.3648100413213729 0.7589839609259216 -0.2330933289798437 0.8707525730133057 -0.3972691949556421 0.7510310389796302 0.0368937500061764 0.8421962261199951 0.4592541134905693 0.816701216066216 -0.8883337062981701 0.9781402349472046 -0.4736467044896553 0.7969007413383085 -0.5336641120901476 0.9820289015769958
P9/nick_1_frame89.jpg,8,8,0.9961372017860413,-0.1357746168818766 -0.4788780033395644 -0.5402401966649064 0.9973441958427428 -0.1337146916386185 -0.5051492357073137 -0.5047617103876252 0.9953951239585876 -0.1266439698467563 -0.5093087803761084 -0.5048719848823343 0.9944010972976683 -0.1190440116070863 -0.514119077843423 -0.5049895028409629 0.9953623414039612 -0.1522838618992897 -0.4933047814540022 -0.5018965437473738 0.9959993958473206 -0.1577559801779932 -0.4889370596321636 -0.5018076519581548 0.9951395392417908 -0.1632968244423641 -0.484677381318147 -0.5018858234207731 0.9950144290924072 -0.099679740798909 -0.5099377448351589 -0.2507771812559104 0.9885700941085817 -0.1632790924426894 -0.4709296055115149 -0.2245658813086303 0.9927376508712769 -0.1104235941704494 -0.4584483348842643 -0.439026637894134 0.995764970779419 -0.1354541660380818 -0.4438633595178267 -0.4323586237223355 0.9931756258010864 -0.0001411026771501 -0.4348711495651342 -0.0231424543450787 0.9990747570991516 -0.1510419844972343 -0.3507137752854018 -0.2920452523485551 0.9992462396621704 0.1238243501076302 -0.3927582008409292 -0.2936783057761145 0.5904127359390259 -0.0054602389978756 -0.329195414203014 -0.5525795823209037 0.9646925330162048 0.2307742687208864 -0.4069376291494468 -0.7579375212596654 0.6960216760635376 0.1330527549318069 -0.3722063496362364 -0.7170442849379224 0.9256967902183532 0.2625172137333597 -0.4083075420197418 -0.851680982611915 0.6734378337860107 0.1938196224445403 -0.3963139593312573 -0.8162253856806191 0.8899874687194824 0.2602075338541602 -0.4063342486049598 -0.8918615200316993 0.687758207321167 0.1882626687164126 -0.4134537044220717 -0.8079369506823368 0.8877422213554382 0.2435553318328336 -0.4002661091411114 -0.7902485276865547 0.6877093315124512 0.1718968442846039 -0.4060839724396162 -0.7237210781879913 0.8577243685722351 0.0546314217821457 -0.0061028501429502 0.0484774146752646 0.9996254444122314 -0.0546314217821457 0.0061028501429502 -0.0484367172732334 0.9992294311523438 0.0685973996958861 0.2969022556712222 0.0597991153809761 0.920737326145172 -0.1123006943843816 0.2862955065847484 -0.0257036309132921 0.989814281463623 0.0572580756424586 0.5750549788301798 0.3469807837198935 0.9644187092781068 -0.2209853356847699 0.5335710235388809 0.302544131770341 0.9897861480712892 0.029868278602418 0.6131289430990648 0.3620422341429501 0.9259201288223268 -0.2173101759351942 0.565384085282094 0.3256300653664566 0.9287803173065186 0.1330420925529175 0.6668498324926848 0.0981884926645 0.9634071588516236 -0.288094638153052 0.6343680541604314 0.1148472065598902 0.9852052927017212
P9/grant_1_frame399.jpg,8,8,0.9980012774467468,-0.036196531510263 -0.4936405276965298 -0.6958489331707588 0.9979389309883118 -0.0569770270991135 -0.5151747888378 -0.6465819773649197 0.99520742893219 -0.0585569381769783 -0.5192167098314553 -0.6467473348032943 0.9945558309555054 -0.0600934726043421 -0.5233518007903881 -0.6468682247582409 0.9956122040748596 -0.0631480614659567 -0.5029844100475815 -0.7344039096354091 0.9963326454162598 -0.0687767593682515 -0.4981659443433291 -0.7345002879328241 0.996379852294922 -0.074272503986762 -0.4927173622072421 -0.7345529687465243 0.9964444041252136 -0.0799551018689693 -0.5156903678123205 -0.3207017683974114 0.9900931119918824 -0.0987374482024908 -0.4759360526279735 -0.715358030900101 0.9944508075714112 -0.0350598836005361 -0.4813709031025114 -0.560432484471145 0.9966457486152648 -0.0439665986145115 -0.4674857549439003 -0.674976550949486 0.9956531524658204 -0.0238214811222014 -0.4352483694581412 0.0351416078409124 0.9998067617416382 -0.1107658703864005 -0.3533492749803265 -0.8595042230129775 0.999735414981842 0.0884279220446488 -0.4989344040569393 -0.0411244334237307 0.837255597114563 0.1266975494489764 -0.3682198302716957 -1.1551910428163026 0.985242486000061 0.2431473010504393 -0.5085168579857469 -0.5310103462695318 0.8824533820152283 0.2528636707626724 -0.4788544157070236 -1.155230441134953 0.9762852787971495 0.3107223475332124 -0.5402965428087486 -0.61864112611126 0.8492201566696167 0.3108993191339252 -0.5042662670698587 -1.2854675509314717 0.9585039615631104 0.308534136682049 -0.5296804284318328 -0.7021298208299953 0.8582561016082764 0.3149830126120128 -0.5328924180681206 -1.2615051598617844 0.9578274488449096 0.2731010598872613 -0.4957747102344952 -0.5879772992057332 0.8405068516731262 0.2809826486166145 -0.4886712062151651 -1.1483049353826198 0.9339699745178224 0.0329688210465007 -0.0095735347654648 0.2814458034440058 0.999744951725006 -0.0329688210465007 0.0095735347654648 -0.281844278295502 0.9994210600852966 0.0501564979743242 0.2963984278714561 0.1540205400995674 0.9231994152069092 -0.0763785815352016 0.3136941614256757 -0.6162135095159851 0.986444652080536 -0.0162992255922651 0.6119507269379738 0.4351323240847224 0.9565879106521606 -0.3384045430499347 0.560325454511033 -0.4763750807976897 0.9880908727645874 -0.0432081488971708 0.6512773072817291 0.4544311477257629 0.8978350758552551 -0.3794795360754243 0.5539144369002934 -0.4682849183960678 0.929493248462677 0.0911037993807352 0.6918059855108194 0.2581786739902084 0.960871160030365 -0.3643638642087385 0.7187716321279188 -0.7308080751421727 0.9853329062461852
P4/rob_1_frame647.jpg,3,3,0.9985126852989197,-0.0391899245806271 -0.4876855904419265 -0.0924274458693108 0.992781698703766 -0.0266585402524997 -0.5038968428189675 -0.0793169436432773 0.990179717540741 -0.020933627379282 -0.502856689334561 -0.0793677925332239 0.9873995184898376 -0.014947519345154 -0.5021056535236849 -0.0794367760978847 0.987265944480896 -0.0393894508779503 -0.5058901911056205 -0.0570340456063942 0.991400182247162 -0.0428410723308456 -0.5060320374697311 -0.0570171574724219 0.9892443418502808 -0.0465994425295258 -0.5065273030650062 -0.0571090125666165 0.9913132190704346 -0.0021728900428009 -0.4907561892654671 0.0247902623846519 0.9864360094070436 -0.0464619042102194 -0.4988084036762755 0.1254846692245539 0.9880891442298888 -0.0268652466244967 -0.4623327467688514 -0.0506865953281459 0.9788072109222412 -0.0439276569648092 -0.4650527186124897 -0.0223473541655691 0.9827272891998292 0.025534539451625 -0.4042545587476764 -0.0199781875571592 0.989194929599762 -0.072967947654509 -0.3943379980585203 0.2381611422976549 0.996412754058838 -0.0550366685000631 -0.3552129733750833 -0.140095183787034 0.8756065368652344 -0.1474345763399522 -0.4838335601580574 0.2092044595886008 0.7089241743087769 -0.1094320366638476 -0.4922435816234419 -0.1188573605774067 0.7724217176437378 -0.1621629039610377 -0.5990225408060286 0.1132631948695331 0.5999892354011536 -0.1221961351900126 -0.5262090046463093 -0.1579663896500427 0.6807129383087158 -0.1661719385444398 -0.6267580523702897 0.0649255809155622 0.517831027507782 -0.112227159955738 -0.5350135313257135 -0.1631599271357719 0.673701286315918 -0.1559631488160614 -0.6321360080795495 0.0649180966849474 0.5153444409370422 -0.10892257047644 -0.523639973928035 -0.1223407039991037 0.6330962181091309 -0.1545221078290362 -0.6239870222178602 0.0985297115559388 0.5171502828598022 0.0395940032275453 -0.0017521775562218 -0.0638261768566082 0.9989789128303528 -0.0395940032275453 0.0017521775562218 0.0639217266975619 0.9994644522666932 0.0240788192008223 0.3192895439886795 -0.1171160827734326 0.9745598435401917 -0.0631819047672006 0.2970252493258296 0.0306709130720088 0.979779064655304 0.0490368385454476 0.631867393508143 -0.003890492921733 0.9817892909049988 -0.0905167681646655 0.6263913898902826 0.1188244219848408 0.984391987323761 0.0372851305482839 0.6821236081797152 -0.0052107905445036 0.9215606451034546 -0.0743819436935964 0.6757481805410541 0.1176215999197696 0.927114188671112 0.0750188163171596 0.7286916578271951 -0.2165423164033248 0.9720669388771056 -0.1417377455365697 0.7275873623423696 -0.0725860923359388 0.9764255881309508
P7/rob_2_frame63.jpg,6,6,0.5462690591812134,-0.0202324319735217 -0.4081990003614656 -0.921065489343012 0.9977927803993224 -0.0132636238845619 -0.4367410469554931 -0.9250212749160824 0.9973477721214294 -0.0069286516105149 -0.4418677358486121 -0.9249918178028892 0.997287929058075 -0.0007506485051609 -0.4483875091845071 -0.9251196684458972 0.9971819519996644 -0.0322526948113303 -0.4350600276959426 -0.9191444115403136 0.997454047203064 -0.0393647931336613 -0.437840982333872 -0.9193334788047618 0.9974886178970336 -0.0465069580266997 -0.4411491854392063 -0.919482795895775 0.9974736571311952 0.0106372683027699 -0.4865616254876545 -0.7376277162371512 0.995439112186432 -0.0603606045026435 -0.4676581494829001 -0.7075882325303925 0.9967927932739258 -0.0097115700559904 -0.4019864613302992 -0.8321666304264302 0.9972620010375975 -0.0306988490197719 -0.3968755506150514 -0.8238129994298888 0.997051477432251 0.0694321764510763 -0.4260690395744058 -0.5083632074080947 0.9990408420562744 -0.1070428154234665 -0.3730463712619067 -0.4110837997880882 0.9988932609558104 0.037909814894429 -0.1711836140175492 -0.4379028422715774 0.8501070141792297 -0.0993902637209199 -0.1395365168229671 -0.3180006425893097 0.8905208706855774 -0.0158000506242381 0.0476399395458561 -0.6455516198633164 0.7928794622421265 -0.0673968592231901 0.0669323848797621 -0.4836393782826509 0.84546959400177 -0.0280161524766544 0.1169286226110564 -0.7249371178510712 0.7403379082679749 -0.0670374147247332 0.1849591144966544 -0.5347954475224833 0.7930539846420288 -0.044748063640317 0.1139755978015786 -0.7797993320943505 0.7482896447181702 -0.0600728051208722 0.1831116456181878 -0.6110863234049289 0.7984669208526611 -0.0405770718471833 0.087917090578483 -0.6691334949006427 0.7291054129600525 -0.0573357991414769 0.1333392819471607 -0.5140826275926592 0.7815931439399719 0.0503263605515613 -0.0049571919866311 -0.008284452807277 0.9989994764328004 -0.0503263605515613 0.0049571919866311 0.0088121393222703 0.9990150928497314 0.060185216173517 0.3445141437056103 -0.1456352735220816 0.8891966342926025 -0.0820486241729118 0.3489037275938869 -0.0578548157000944 0.9065001010894777 0.0299983791832915 0.7120730949434109 0.0008787901218086 0.8969519138336182 -0.1548005834220948 0.6871519708770752 0.0739672852502768 0.9220495223999025 0.0121954480144303 0.7672839866023937 -0.0002547900756113 0.7875644564628601 -0.1471010357734425 0.7445770894031536 0.0762521668655972 0.7862882614135742 0.0741459917369813 0.8124469553749725 -0.2470207487805692 0.8977631330490112 -0.2049675369749057 0.800264035098337 -0.1470691069714413 0.9150412678718568
P1/grant_1_frame109.jpg,0,0,0.9919209480285645,-0.010291533686304 -0.259260721299167 -1.9795642474349773 0.9998146891593932 0.0038419283338044 -0.2933917987021837 -1.9489939033375532 0.9995175004005432 0.0162244349641245 -0.2966030999301544 -1.9497365559737023 0.9995835423469543 0.028968926369926 -0.3023599715147367 -1.9508914041767704 0.999452829360962 -0.0333083648276129 -0.2934589410395714 -1.9095426714661805 0.9995096325874328 -0.0468263067678 -0.2964953072863266 -1.910272041596455 0.9995409846305848 -0.0595240904606361 -0.3027034921474365 -1.9102794856382088 0.9994041323661804 0.038338785513981 -0.3421777859520861 -1.5893542929317686 0.9993032813072203 -0.0858247657466151 -0.3415449694222072 -1.5706512110060158 0.9994142651557922 0.0120616100460877 -0.2624410786672982 -1.7101286157703166 0.9997137188911438 -0.0330640251041629 -0.2580579247095077 -1.6898234592898522 0.9997077584266664 0.1360675227754259 -0.2983941947607725 -1.1964814149431229 0.9999440908432008 -0.1923404644904678 -0.2949892024855986 -1.1781735970383391 0.9999552965164183 0.1127338089939677 -0.020009657215157 -1.056838197797795 0.9711513519287108 -0.1282032575664883 0.0092348446612645 -1.1046976937725488 0.979284405708313 0.0318608636104962 0.2045948168333391 -1.2078240911135518 0.9579829573631288 -0.0483424099383346 0.216775166643481 -1.2052502771867566 0.9494450688362122 0.0125012463943741 0.2849719306513629 -1.3009429230669198 0.9201040267944336 -0.0496084808829016 0.2913071021070974 -1.2827404894395142 0.9044800996780396 -0.0074204689549652 0.2871941960572924 -1.3706385667761802 0.9242810606956482 -0.0262213451547393 0.2871530348852417 -1.3479726273285235 0.9075725674629213 0.0001083764902399 0.2578230724902539 -1.234344584573674 0.9052788019180298 -0.0220213000279333 0.2592904244853809 -1.2305974583010288 0.8940977454185486 0.1131883334257618 0.0022437217615729 -0.0007039093094998 0.999864399433136 -0.1131883334257618 -0.0022437217615729 0.0007128317826467 0.9998835921287536 0.2078780041507956 0.3475681479514934 -0.5680101619859604 0.9814717173576356 -0.1777764157414599 0.3965349086467321 -0.3651525801517262 0.9868651628494264 0.2396621649389065 0.7827714963926199 -0.436706679971397 0.983955144882202 -0.2032036567949868 0.7763415958565275 -0.2841051741622489 0.986643373966217 0.2001632036233471 0.8361423565356819 -0.442469098096894 0.8755848407745361 -0.1739209129785749 0.8310434798574989 -0.2968412910210773 0.853037416934967 0.313915021817555 0.9411180873869068 -0.8175345875366989 0.9754144549369812 -0.3088792005518753 0.951101277186838 -0.633973348563679 0.979995608329773
P5/grant_1_frame298.jpg,4,4,0.9946030974388123,-0.088259676284294 -0.4027136398973649 -1.4311893597294003 0.9984484314918518 -0.0558360903082374 -0.4341308899589562 -1.4696492246984356 0.9977313280105592 -0.0417001246741191 -0.4338360635094111 -1.469368516698587 0.997427463531494 -0.0272851120342342 -0.4340014079202955 -1.469609964838317 0.9975146651268004 -0.0943637540357084 -0.449566809961389 -1.408875867231484 0.9972612261772156 -0.1045420992706704 -0.4604254077726381 -1.4092198440059085 0.99621844291687 -0.1148309006120816 -0.4710142450450333 -1.409440907218269 0.9966557025909424 0.0105497661616039 -0.4485098137274244 -1.3226367524980098 0.995901107788086 -0.1133012760620729 -0.4952865780636789 -1.0594377442655774 0.9939586520195008 -0.0505799500356556 -0.3858910918354327 -1.3476247474667804 0.9960613250732422 -0.0883075431137464 -0.3960530536287682 -1.272014635862592 0.9963847994804382 0.1145917174642816 -0.3593832117819519 -1.1047376583637905 0.9963950514793396 -0.1646971139407526 -0.4377938349080295 -0.7179658999161377 0.9994311332702636 -0.0751001486711659 -0.26018290722868 -1.411235837823003 0.9748619198799132 -0.43356803946437 -0.4317305270113536 -1.1405700571943826 0.8596012592315674 -0.256780436351548 -0.3392561914937224 -1.619117703148209 0.9548017382621764 -0.7276967204956122 -0.4662125376533252 -1.86666969413034 0.8469364643096924 -0.361349073777664 -0.3655211889125843 -1.7263762449903028 0.9157807230949402 -0.749786205291659 -0.5077318027218399 -1.9917683694087496 0.7743765711784363 -0.3392771804189397 -0.4021199100128009 -1.7097362552779225 0.9120745062828064 -0.7474323501783509 -0.5093785273546257 -1.996476532633752 0.7694445252418518 -0.305484935319361 -0.3931264575561132 -1.611807819193034 0.8692649602890015 -0.870171130364973 -0.4927496361027019 -1.894087270442609 0.7496355175971985 0.1056055884815007 0.0098698910839717 -0.022770254073618 0.999386191368103 -0.1056055884815007 -0.0098698910839717 0.0222557800316685 0.9997974634170532 0.1217270460413905 0.3639532104992288 -0.2494892763296603 0.9850682020187378 -0.2099061263628447 0.357203081549669 -0.2883802258877584 0.9941710829734802 -0.0311840691424055 0.7259884635820634 0.1377638589653658 0.9901622533798218 -0.2989365416510264 0.6964028369944707 0.0749000649465563 0.9938825368881226 -0.0536854049710435 0.7759478435787853 0.1518949548668347 0.9081304669380188 -0.2925588528744771 0.7437802771905412 0.0836043062461917 0.9099050760269164 0.026097123766989 0.8318991842263904 -0.2702362815339084 0.982942283153534 -0.3794015124575451 0.8237841711398584 -0.3406585989970004 0.9876449704170228
P4/nick_1_frame67.jpg,3,3,0.9959573149681091,-0.0418929814249897 -0.4658020079649528 -0.3703595787396963 0.994672954082489 -0.0332064147658507 -0.493896046763411 -0.3709804810234323 0.9925969243049622 -0.0261443138281927 -0.4959931424508494 -0.3710926893169861 0.9916711449623108 -0.0187735922711083 -0.4984292672872308 -0.3713346734552881 0.9926385879516602 -0.0500077147303227 -0.494323104916939 -0.3288798582468455 0.989679217338562 -0.0547949407338527 -0.4963685908000133 -0.3288449963567617 0.9850788712501526 -0.0595631511609733 -0.4988413807276899 -0.3288917703033319 0.9867193102836608 0.0025936863725209 -0.5025379432107262 -0.2490376603732246 0.9871687293052672 -0.0538415390752567 -0.5051555629811416 -0.0561157685453149 0.9802259802818298 -0.0262776414329023 -0.4467790548233148 -0.3158307467906534 0.9861929416656494 -0.0476287459080914 -0.4445119117974107 -0.2612471904169726 0.9834801554679872 0.0374093489344789 -0.3976104570445182 -0.2105072393887352 0.9955853819847108 -0.0472693077999848 -0.4023287789047945 0.2015680879538706 0.9976896643638612 -0.1155708539943049 -0.4275438976845906 -0.1627391278839995 0.9300878643989564 -0.1346013477955536 -0.4040878836500479 0.5459493293404994 0.6115154027938843 -0.1479824122019962 -0.5088849109407458 0.2268418517548776 0.7895025014877319 -0.1070695252777748 -0.3561305999455151 0.8503976143762925 0.4484646916389465 -0.1538925954204394 -0.5260401847672298 0.2379772886044138 0.6883808970451355 -0.0957525798335893 -0.3496984172976493 0.8871958147063144 0.3730112016201019 -0.1379666676803316 -0.5200262081942185 0.2213362686385134 0.6825440526008606 -0.0846516906799866 -0.3364854877435393 0.8797136225288991 0.3682096004486084 -0.1335451090254562 -0.5106590696839899 0.2276995198218951 0.6317811608314514 -0.080098334409308 -0.3362088329637667 0.8489259289756182 0.3693621456623077 0.0529262778544015 0.0071936253411564 -0.0830640881287218 0.9992813467979432 -0.0529262778544015 -0.0071936253411564 0.0830128881428148 0.99964839220047 0.0937476932989983 0.2911110438830295 -0.0666916085371433 0.9812937378883362 -0.1567017643377031 0.2352880872101583 -0.143194366561552 0.9951618909835817 0.139378956725957 0.528864107148949 0.3312995630237125 0.987766444683075 -0.2022965266007495 0.5018060347675772 0.1317983398157616 0.9939665198326112 0.1228972605155615 0.5636776932973911 0.360884739938942 0.9235790967941284 -0.1783887560203308 0.5396633152756657 0.1478065727626701 0.9456499218940736 0.1904624449061655 0.6210658286216163 0.1407980214367397 0.979204535484314 -0.2554785584936115 0.5831349993610936 -0.0678362724696675 0.9878868460655212
P9/video1_frame898.jpg,8,8,0.7488062381744385,-0.0642151997607515 -0.4795293049144553 -0.233518017767764 0.9029583930969238 -0.0732937598146524 -0.4940490003214904 -0.2559692973933753 0.9200641512870787 -0.0745249010206645 -0.4959147217033191 -0.2557120419299948 0.9218419790267944 -0.0754440681393639 -0.4977945819767845 -0.2557115966105732 0.919135808944702 -0.0701123978665581 -0.4850920124696933 -0.2517875253645987 0.9154811501502992 -0.0688031587669784 -0.4809003320837856 -0.2515335819644166 0.9111695289611816 -0.0675033827051083 -0.4768239894280789 -0.2515719350996042 0.9139924645423888 -0.0814151336042327 -0.4750285728499393 -0.2249296569834496 0.9150810837745668 -0.0652786503720576 -0.445319978275021 -0.248327894442916 0.884672224521637 -0.0615750679047156 -0.4635163978217814 -0.2177132000910767 0.9151179194450378 -0.058746371106085 -0.4530765519608982 -0.2176010491779866 0.8970534801483154 -0.0543591954940836 -0.4170089073750198 -0.2902740893838205 0.8116936087608337 -0.0375162964968908 -0.3776978901115856 -0.1876987267384292 0.7944698333740234 -0.0192912373448272 -0.6157535736233968 -0.3534244469100734 0.491795927286148 -0.0726744039965626 -0.5730683711023044 -0.1949672999193643 0.6723945736885071 -0.0372008155191328 -0.6712660350896357 -0.3859221048550975 0.5295783877372742 -0.0341062351933278 -0.7970594756559819 -0.3357445422274712 0.6799409985542297 -0.0423222950249313 -0.6906873057055776 -0.4200578146276443 0.5303677916526794 -0.0160351730637551 -0.842655508576531 -0.3956250584030454 0.6507022976875305 -0.0302036506094468 -0.7027264049393742 -0.4280125554561449 0.5352503061294556 -0.0208256689094302 -0.8599005588439157 -0.3966907077789959 0.6470893621444702 -0.0267043305943117 -0.6908958821896816 -0.3884487359235466 0.5237522721290588 -0.0324458338973324 -0.8435805483451031 -0.3446200644575746 0.6107850074768066 -0.002614971308714 -0.0077429914435176 -0.0626027677162043 0.3776599466800689 0.002614971308714 0.0077429914435176 0.0627576692937704 0.3655292689800262 -0.0161856910282646 -0.3001718980111936 0.3114433778919628 0.3368687927722931 -0.0588747900942963 -0.2603754825781874 0.3920044723429089 0.4353190064430237 -0.0599505983195526 -0.4192210316019457 0.8638847203793457 0.4307067990303039 -0.0427945006066377 -0.4510912066494353 0.8861672239441608 0.4777005314826965 -0.06450582634829 -0.4391625466322019 0.9147199362953218 0.4081328213214874 -0.0403571560822246 -0.4798288378904263 0.935485626245152 0.5007622241973877 -0.0726997593711314 -0.5344224940599959 0.8230375737710136 0.4606274962425232 -0.0747727491112631 -0.603403697098233 0.8743874119436058 0.5364729762077332
P4/golfSwing_frame207.jpg,3,3,0.8079742193222046,-0.1985929091312631 -0.4272213862526051 -1.4188568232156982 0.994750201702118 -0.1720501632396678 -0.4481437849022509 -1.4821700138726022 0.99045729637146 -0.1578525775819716 -0.4494152680966902 -1.4821613286897712 0.9894333481788636 -0.144481876473798 -0.4507398963384521 -1.482272995326169 0.9898968935012816 -0.2046462747743547 -0.4499169408002101 -1.3689975322040864 0.9881414771080016 -0.2125344197554917 -0.4524442600739887 -1.36920266795095 0.9827927350997924 -0.22159940701022 -0.4548477120973927 -1.369504167869224 0.9847145676612854 -0.1026479011880339 -0.4615574294144218 -1.4388054474379426 0.9810175895690918 -0.2057455707726697 -0.4644238843987414 -0.9080748104365473 0.9778790473937988 -0.1644665510977931 -0.4144678156355849 -1.367360995610658 0.9884179830551147 -0.2035759293854761 -0.4172612047960887 -1.216157339065899 0.9890825748443604 0.0193632704714486 -0.390491127690395 -1.4466502354349475 0.9970778226852416 -0.1740813242117238 -0.3944052500862013 -0.4657154951597413 0.999093532562256 -0.3165259738714887 -0.3903295557177307 -1.9905276888315413 0.9669672846794128 -0.3956034606667575 -0.4424830446671353 -0.2484376731406399 0.7750182747840881 -0.545590295524894 -0.4971022983802547 -2.2617414095535238 0.9555651545524596 -0.6039974262976702 -0.5572988870013038 -0.5537746328125749 0.86088627576828 -0.6040698028212613 -0.5384621040414634 -2.461755242167936 0.9265608191490172 -0.6225950565445588 -0.603622895020592 -0.6475783296078447 0.8206540942192078 -0.5825188312967325 -0.5543007067440484 -2.4704048571072734 0.9244486093521118 -0.6064638458965985 -0.6057857812655837 -0.7707869536176363 0.8307867646217346 -0.5765662758114999 -0.541604003395564 -2.278066520354685 0.8742412328720093 -0.5982734427669405 -0.5923944700806922 -0.6296584538068698 0.8177851438522339 0.1156039192810418 0.0003574710965175 -0.2342742767740877 0.9991395473480223 -0.1156039192810418 -0.0003574710965175 0.2331372415884716 0.9995518922805786 0.2215597033172786 0.2940842885966322 -0.4748042632722209 0.987200915813446 -0.2289040593511679 0.2849709124661316 0.2132595980568633 0.9945629239082336 0.4017215516009463 0.5935834440382377 -0.1878237476985601 0.9937730431556702 -0.2943385025194932 0.5672971178302223 0.7343524048518127 0.994673490524292 0.4039801127171232 0.6362500250653893 -0.2014798018672444 0.9361404180526732 -0.2635704151806499 0.6149922818564381 0.7499270055683463 0.9353414177894592 0.4326616193458464 0.6716396636206249 -0.881030253981387 0.988327145576477 -0.3673103747146397 0.6441145270488199 0.2062322339637973 0.988301157951355
P8/video1_frame869.jpg,7,6,0.7245912551879883,-0.0801499173943987 -0.4251769637214976 -0.893513573552399 0.9982176423072816 -0.0755570790303737 -0.4474554427334244 -0.8850800612823735 0.9957678318023682 -0.069370558340313 -0.4532059772553306 -0.8850466831851189 0.995476245880127 -0.0631977421609865 -0.4595698038598224 -0.8851395693134279 0.9956281781196594 -0.0928194634778696 -0.438090389187099 -0.8811838993351341 0.9963417053222656 -0.0987593638836528 -0.4372069050617733 -0.8813841070097254 0.9964728951454164 -0.1049082428508971 -0.436923191235109 -0.8817140507192661 0.9963424801826476 -0.0547760462246606 -0.4774752039509627 -0.6598569646132917 0.9926401972770692 -0.1112870530537915 -0.4502096839373612 -0.634875225177359 0.9949235320091248 -0.0665764217829059 -0.4235529487450371 -0.7898184844461537 0.9970558881759644 -0.086080620550756 -0.4122855263820073 -0.7826287935703561 0.9960485100746156 0.0207313006589823 -0.4533605032274748 -0.3912898809381981 0.9998438954353333 -0.1359200888277118 -0.3383032783617927 -0.507244903529306 0.9997148513793944 0.0523498605532303 -0.238149373920305 -0.2956615104857968 0.8723666667938232 -0.0361023408072977 -0.1451832721775804 -0.516892056815476 0.9738203287124634 0.0666330061850036 -0.0712656485390942 -0.4661495830990154 0.8214551210403442 0.088863915317449 -0.0314257222009848 -0.6066006268111707 0.9606443643569946 0.0825815239611862 -0.0156947711463234 -0.5284021403819045 0.7732067704200745 0.1202270231316131 0.0082375682209959 -0.6742196573162595 0.935896337032318 0.0792234924687728 -0.0218265956113207 -0.5804432839899977 0.7822970747947693 0.1318357791753272 0.0007410181226275 -0.7091380197595349 0.9358199834823608 0.0725672420596835 -0.0394196546755966 -0.4911191407476289 0.7551092505455017 0.1201390706271684 -0.0160482866143268 -0.6190192889848024 0.9102540612220764 0.0513948084274042 -0.0074786428710092 0.0092245423398111 0.9998960494995116 -0.0513948084274042 0.0074786428710092 -0.009016094828141 0.9998385906219482 0.0552943203661564 0.2238040402642671 -0.264656090401793 0.9625016450881958 -0.0693306629868426 0.2390011853986007 0.2316647953490116 0.9801353216171264 0.0212727811053212 0.4786238855862276 0.1228079631836999 0.9608316421508788 -0.1774529790585084 0.4596306518874818 0.7984004927036003 0.9786619544029236 -0.0005652653860796 0.5116741709441023 0.1573921030646387 0.8554425835609436 -0.1810536108453838 0.4768215901523505 0.8476695487893341 0.891502320766449 0.0544182062221589 0.5723789407846809 -0.0755242947952509 0.9573602080345154 -0.2191182244085281 0.5610567003787146 0.6570636198720603 0.9753016829490662
P1/nick_1_frame25.jpg,0,0,0.9938673377037048,-0.0577643670878696 -0.4820806587992171 -1.4966840921796518 0.9999262690544128 -0.0517168776038209 -0.5255045785246633 -1.48248029621265 0.9998094439506532 -0.0429657316722245 -0.5318374292662943 -1.4824484995852705 0.9998010396957396 -0.0340660442928072 -0.5390956831229891 -1.4826796987911306 0.9997949600219728 -0.0785669737221246 -0.5192643556699953 -1.4704815155155222 0.9998247623443604 -0.0882655513644479 -0.5206091778572279 -1.470800829104035 0.9998180270195008 -0.0980207162249886 -0.5224662154179327 -1.4710407858555716 0.9998106956481934 -0.0178094122534945 -0.5636319346249539 -1.178376947762201 0.9995911717414856 -0.1048910108082138 -0.5389223510843301 -1.1203510668872834 0.9997375011444092 -0.0371594788886958 -0.4645927495206545 -1.364798148920792 0.9998385310173036 -0.0654167778657434 -0.458170706544595 -1.3487121542906992 0.9998427629470824 0.1028893053295066 -0.4420672641888853 -0.788588290366549 0.9999005794525146 -0.1559355110012864 -0.3561721109761258 -0.792145201225933 0.9999633431434632 0.0826490004934197 -0.1524116430353971 -0.639160578923216 0.9712124466896056 -0.0877594999558173 -0.1019005447397602 -0.710722863418849 0.9748440980911256 0.0508099327004139 0.0965958298605518 -0.8034642616470913 0.9419162273406982 -0.0175827939176807 0.1259885783174274 -0.9077914886109456 0.9436733722686768 0.0179052736957844 0.1658786599480603 -0.8802659162580386 0.884992778301239 0.0143406831424993 0.1879169562772714 -0.9836178220964732 0.8877128958702087 0.0178827735399693 0.169084864785968 -0.9660425057754852 0.8902219533920288 0.0314620891344998 0.1802748524570016 -1.054972215930893 0.8923240303993225 0.0087111306844283 0.1457908711382167 -0.8359369041869248 0.8607234358787537 0.0267103795818953 0.1596176884467126 -0.9331082058470276 0.8771434426307678 0.0751466132095582 -0.0033878565449593 -0.0023214869433081 0.999865174293518 -0.0751466132095582 0.0033878565449593 0.0021107117918024 0.9999099373817444 0.1524012350291893 0.3454528077023369 -0.1436140652702812 0.9778971672058104 -0.1745188881953769 0.3414491272819786 -0.1108129726639934 0.9875516295433044 0.1672278945909992 0.6909575207042411 0.2170784213211171 0.9855855703353882 -0.2458210735844175 0.6758708294015746 0.230176812926535 0.9904691576957704 0.1419176444655705 0.7401526967133778 0.2318510872455445 0.921784281730652 -0.2235502307346268 0.7206014086248247 0.2465418027521605 0.9146331548690796 0.2333774095669229 0.8040295612205102 -0.12851440606344 0.9781143069267272 -0.3013410164468685 0.7798396032843156 -0.1128542386711508 0.982757031917572
P8/rob_1_frame689.jpg,7,7,0.7135165929794312,-0.0418368330384272 -0.5165344530907648 -0.4350191239427126 0.9909213781356812 -0.0411948096754386 -0.5374790154680508 -0.4136382449441395 0.9838664531707764 -0.0372157658359594 -0.5389582910988506 -0.4136259152105099 0.9841250777244568 -0.0331951030537148 -0.5414022100002591 -0.4136411689916406 0.982961893081665 -0.0534996889012628 -0.5331386568256873 -0.4216203098126068 0.9855416417121888 -0.0585808062439016 -0.5313125891612585 -0.4216219667728574 0.9858092665672302 -0.0640049143584179 -0.5299852665322651 -0.4218681715724489 0.9831582903862 -0.0222287553056382 -0.5267592623925658 -0.22144718180457 0.9753387570381165 -0.0680208986646608 -0.5087584361028742 -0.2515717425773934 0.977275252342224 -0.0311730267384631 -0.4935029005437032 -0.3548839208481109 0.9819146990776062 -0.0456565162890972 -0.4877643598545699 -0.3647069172891375 0.9751737713813782 0.0282331893808703 -0.4251980281325617 0.0112191194710143 0.999131202697754 -0.0814659614794088 -0.3730289270466685 -0.1935659868251743 0.9979068040847778 0.0601729501082435 -0.16471335016473 0.0744840426916259 0.7317541837692261 -0.0165298841942697 -0.1272097118522885 -0.2120041409692472 0.8395581841468811 0.1060377073135431 0.0401943468229417 -0.1129087803339723 0.6993958950042725 0.1206809473259865 0.0295100721904699 -0.2847586826651678 0.7949144244194031 0.1316722469460724 0.1008178439169777 -0.1544683162010465 0.6668511629104614 0.1564861039132966 0.0874810683280199 -0.2861439014346827 0.7482967972755432 0.1458716165478508 0.0969875366270538 -0.2157245040731302 0.6740396618843079 0.1728894255848943 0.0876904301290977 -0.3143170260064682 0.747788667678833 0.1263407336690905 0.0792952948169769 -0.1440089861061272 0.6612558960914612 0.158434884104521 0.068271635737879 -0.2912874715585323 0.719755232334137 0.0373310707757523 -6.900752102565263e-05 0.0791300008484467 0.9997392296791076 -0.0373310707757523 6.900752102565263e-05 -0.0789113673800842 0.9996304512023926 0.0347461153165414 0.3993467191119518 -0.0975040757098864 0.882597029209137 -0.0643589190425495 0.4212710323386019 -0.2593538269638488 0.9391788840293884 0.0187196058995837 0.8086566427426074 0.0037070986649649 0.8962589502334595 -0.1544140263857763 0.8203218378434438 -0.1798731719023655 0.9401785731315612 -0.0065627809455646 0.8786444994271245 0.0001204378234368 0.8431997299194336 -0.1522049084987051 0.8756403330245077 -0.1787053073304313 0.8728624582290649 0.0388999197283355 0.9358915014034052 -0.2697397025488346 0.8845744132995605 -0.1775256003661178 0.9333682433464672 -0.4949172623199789 0.9243072867393494
P9/video1_frame922.jpg,8,8,0.9980161190032959,0.0158365136793313 -0.5150382361710665 -0.2483319831786443 0.937074899673462 0.0120033180738988 -0.5297593884304751 -0.2776045209530187 0.9484598636627196 0.0094352153724997 -0.529182390335959 -0.2772764517227594 0.9499404430389404 0.0069399661855982 -0.5285579689325135 -0.2770998325277143 0.9474387764930724 0.016475727674553 -0.5269032435118581 -0.2620776292718493 0.9444360733032228 0.0178897471716741 -0.5244143899455187 -0.2618566540552872 0.9418669939041138 0.019349253888507 -0.5220534922980431 -0.2616425530431386 0.9433571696281432 -0.0049602605759075 -0.501446106725162 -0.3372592149154712 0.9420576095581056 0.0130152401204455 -0.4917233277192959 -0.2825600827056561 0.9276878833770752 0.0073826997559342 -0.4907557181866434 -0.2647919175860951 0.93946635723114 0.013222597451049 -0.4876239524771382 -0.2369434495697251 0.9268648028373718 -0.0120186762647722 -0.3997056625146914 -0.316926688750078 0.8005675673484802 0.0104271456663372 -0.4002927543777136 -0.2459058893582964 0.7706354856491089 0.0326498387535524 -0.5608697752101691 -0.3365087519285681 0.5795921087265015 0.0165497341410567 -0.6043542085182463 -0.2698864861938057 0.570144534111023 0.034113979032221 -0.705715005211544 -0.4132614195878756 0.5942292213439941 0.0734784797463339 -0.7967168326835433 -0.3460737940477151 0.6685478687286377 0.0265544860507501 -0.7367045278149021 -0.4670930097976416 0.6037201285362244 0.1054788149518556 -0.8752063028940524 -0.4052299994211223 0.6680091619491577 0.0433008311395612 -0.7476902896050924 -0.486883670273987 0.6095177531242371 0.0982576372458302 -0.8863105576951321 -0.4089649983217349 0.6702384948730469 0.0476167438207483 -0.7343764784226942 -0.4253918234281809 0.5903125405311584 0.0807771445286927 -0.8390314765354862 -0.3550468061886441 0.6373351812362671 -0.0144566259123525 0.0002258045627008 -0.0736971599357896 0.2304591834545135 0.0144566259123525 -0.0002258045627008 0.0739847453229673 0.2218126207590103 -0.0178463918254831 -0.2433624119714423 0.2207155630688571 0.238174170255661 -0.0170537046905837 -0.2654380057857305 0.3470013983211377 0.2643932104110718 -0.0208434579345795 -0.3066117927507482 0.7622496370150436 0.2975251972675323 0.0386886533004337 -0.3281405827607928 0.8209632610947949 0.3005180656909942 -0.0211374606961307 -0.2746573580873555 0.8036518390001344 0.2899690866470337 0.0501164742928054 -0.3261896139360083 0.8648987379291764 0.3244536221027374 -0.0216881366788098 -0.3360635819313514 0.691483270201812 0.3281416594982147 0.0334135063039968 -0.3666937315697945 0.809951394730882 0.3555893301963806
P8/rob_1_frame696.jpg,7,7,0.6986048817634583,-0.041964993152708 -0.4853169510499869 -0.2257740039279261 0.9955706596374512 -0.0409315635157138 -0.5163432062467127 -0.1982170513508706 0.9920741319656372 -0.0357716496708152 -0.5206004074959234 -0.1983244438819438 0.9921637773513794 -0.0307738016742028 -0.5246969565035288 -0.1985055726320873 0.9916090965270996 -0.05693467213564 -0.504739823690755 -0.2111075851546914 0.9928883910179138 -0.0626722521929782 -0.5011503437148837 -0.2110775668010581 0.9930266737937928 -0.0683755730766406 -0.4979402092494701 -0.2110978146379271 0.9917622804641724 -0.0269059243355494 -0.5240067006766307 -0.0037973405740422 0.9876137971878052 -0.0767893600407233 -0.487611899919588 -0.0574103144041433 0.9888927340507508 -0.0291466572312754 -0.4691213424614703 -0.1450591516821402 0.9911775588989258 -0.0484856281578716 -0.4557795563014733 -0.1607895589426745 0.9879125356674194 0.023262727305808 -0.4338894410827157 0.190511502122199 0.999561607837677 -0.086762272020387 -0.3635864568734802 -0.0704099193969707 0.9989708065986632 0.097833390084359 -0.2537679272760151 0.2623370862449838 0.832238495349884 0.0115375251152995 -0.2197635354161942 -0.156471510241189 0.9185063242912292 0.185915388671268 -0.1475111044408103 0.1141415363165001 0.8257429003715515 0.1414328451734009 -0.1728778605609782 -0.2435973182443757 0.8905425071716309 0.2148833493874243 -0.1382040843611345 0.0765989960734043 0.7894262075424194 0.1795692925145153 -0.1437883296702737 -0.3032754891224327 0.8525344729423523 0.2159503729714209 -0.1415405287411437 0.0183189822465071 0.7984326481819153 0.1868307405737488 -0.1513316675323242 -0.3179651284642328 0.8520734310150146 0.2042862884815232 -0.1412943948720173 0.0840900876561827 0.7836084961891174 0.1741345569002036 -0.1605711671046586 -0.2502631181826567 0.8235025405883789 0.0391396923178069 -0.006668647939976 0.047894012973626 0.999820590019226 -0.0391396923178069 0.006668647939976 -0.0475573822915119 0.999753713607788 0.0304681300178148 0.3005909045172711 -0.1991780544338077 0.9346340894699096 -0.0692815286523609 0.3232588360238018 -0.2328014585048212 0.9661611914634703 0.0117454916040445 0.6499498259152361 -0.1071087079553846 0.9423633217811584 -0.145592008641632 0.6501498928372355 -0.160353897836654 0.967282772064209 -0.0065563909388542 0.7073553953822487 -0.1130571648681635 0.8946657776832581 -0.1373818641929177 0.6963290969653912 -0.1649663093410812 0.8901473879814148 0.0384873544112878 0.7570348559587174 -0.3254911496444436 0.9340832829475404 -0.1870646509027531 0.7688371412899963 -0.3844114194582599 0.9575660228729248
P2/rob_2_frame19.jpg,1,0,0.5706275105476379,-6.701748769686415e-05 -0.4134097723030324 -0.8123783042540429 0.9992335438728333 0.0105132776547997 -0.4401352939558505 -0.8145114926620691 0.9981836080551147 0.0170541360659359 -0.4434434053769738 -0.8145346584542964 0.9979259371757508 0.0231582920752929 -0.4468589383307231 -0.814665306264247 0.9981638193130492 -0.0092452680771128 -0.439526148541956 -0.8079870257122739 0.9982618689537048 -0.0161962154472605 -0.4438743012094219 -0.8081312221839971 0.997827649116516 -0.0224058574661331 -0.4494867133785482 -0.8082496520043134 0.9982085227966307 0.0362527107679771 -0.4696208715640688 -0.6685096012725494 0.995719850063324 -0.0318452827052559 -0.4776427075801307 -0.6379451509855866 0.9962267875671388 0.009560879314299 -0.4045869926298568 -0.7424310394190373 0.998210608959198 -0.0111019186207437 -0.4026042306585654 -0.7339177015031336 0.9986785054206848 0.0741756570100167 -0.392710380884184 -0.4994771925755703 0.9997394680976868 -0.0786136300468236 -0.4072773092681861 -0.3991669533123729 0.9999062418937684 0.0323323087079049 -0.1596453937945795 -0.4774735005207156 0.9725256562232972 -0.0676680654023402 -0.1802098429615761 -0.3023844771007782 0.9446144104003906 -0.0202729109984958 0.0180154257157249 -0.59909067376158 0.968135952949524 -0.0674469923720766 0.0088862890252348 -0.4381753651087518 0.9329873323440552 -0.0304948924251835 0.0775196965788764 -0.6640214860901643 0.9402514696121216 -0.07216730984261 0.0826985515712779 -0.4839214235800049 0.8945103883743286 -0.0482030538471359 0.0726315329636149 -0.7014430108764214 0.9409905672073364 -0.0654821339895562 0.0804220134828893 -0.5488714096844014 0.9014416933059692 -0.0464991281739334 0.0543085405286312 -0.6141858184994239 0.9053484201431274 -0.0614511046867064 0.0584025348176655 -0.4658590311863047 0.8864719271659851 0.0427554635678777 0.006750197332543 -0.0252350592285878 0.9995954036712646 -0.0427554635678777 -0.006750197332543 0.0253376211616857 0.9998153448104858 0.0686288106862544 0.2375831028802005 -0.1752268689564546 0.9551787972450256 -0.0748403882282374 0.2207657054847028 -0.1484215220966076 0.9598864316940308 0.0678135925462018 0.5573078105566676 -0.0685930413118982 0.9627508521080016 -0.0917615780505292 0.5548039694730039 -0.006948577582941 0.9614774584770204 0.0569401866226772 0.6066736903974608 -0.0719905799492306 0.8828290104866028 -0.0803372738617131 0.6065333649719583 -0.005077352966124 0.861184298992157 0.097612301502621 0.6365861113366147 -0.2869306859790909 0.9612103700637816 -0.1312709879070102 0.6376596008417085 -0.2064916761838885 0.9575251340866088
P3/video1_frame701.jpg,2,2,0.9045417308807373,-0.0456886464467782 -0.4685591126621465 -0.8632775959055516 0.9967145919799804 -0.0357664917993573 -0.4860406770561863 -0.8762916730060393 0.9934517741203308 -0.030590719278513 -0.4837872804596478 -0.8763532168379078 0.992525577545166 -0.0253336437438769 -0.4824817580239011 -0.8764532875334546 0.9929326176643372 -0.0481249748243481 -0.4970546858531086 -0.8336479589864996 0.9932088255882264 -0.0517086813608382 -0.501320686148196 -0.8338432845196334 0.9903266429901124 -0.0552779403234489 -0.5062632436651935 -0.8340383975884454 0.9915136098861694 -0.0094792727687216 -0.4828045621500882 -0.7317082148011917 0.9880224466323853 -0.0503659068473436 -0.5111609003888599 -0.5430748828739862 0.9834080338478088 -0.0340146526450429 -0.4479030480153177 -0.7929920611613039 0.9923675060272216 -0.0511445885865774 -0.4578455284161865 -0.7392232195045638 0.9935874342918396 0.0430491313561694 -0.3679005283370242 -0.6827568599973757 0.9968346953392028 -0.0790887460411434 -0.4312872757324314 -0.208294249101652 0.9997363686561584 -0.1382837140111964 -0.272938112478166 -0.8541480039997192 0.976421058177948 -0.1619432451318011 -0.3183330978215579 -0.236387149286807 0.7845261096954346 -0.2889969803630109 -0.2844158600680398 -1.0010443488111969 0.9605672359466552 -0.279590051695847 -0.3075481963849286 -0.7406990675049179 0.8346139788627625 -0.3231857475197325 -0.2893798764815345 -1.104152080194635 0.9252908825874328 -0.3146204608524826 -0.3161623498461823 -0.8225556216762901 0.7949088215827942 -0.3236008319830021 -0.3057255357900291 -1.113692153170099 0.9259091019630432 -0.3148405030683807 -0.3234854284455686 -0.8923895280939264 0.8088341355323792 -0.3113024055396274 -0.3016586853858671 -1.004703338539029 0.8682965040206909 -0.300617574798545 -0.3174419516346749 -0.7854963907112116 0.7823671698570251 0.062525239981409 0.0065704591502878 -0.059702452281586 0.99891996383667 -0.062525239981409 -0.0065704591502878 0.0593867657101776 0.9997559189796448 0.0862107625707084 0.3086214953169967 -0.1393413791102553 0.9833916425704956 -0.1133416774230351 0.2743433515022567 -0.2794183097024281 0.9946333169937134 0.0824288976434611 0.5950245341864154 0.2124839569998691 0.9927769303321838 -0.1372612648734685 0.5874632122609007 0.0077398041282244 0.995802640914917 0.0657956324647503 0.6415249005744604 0.2291333517616732 0.9494416117668152 -0.1215603639600613 0.6274014056072064 0.0194863423234041 0.9495665431022644 0.1355587174418014 0.7006166108841403 -0.0867954378261393 0.9888798594474792 -0.1991473059428762 0.695183898176853 -0.2974340094013611 0.9917290806770324
P4/nick_2_frame69.jpg,3,3,0.9905635118484497,-0.0476560873973144 -0.474467397086563 -0.4611086681688806 0.9956673979759216 -0.029552822226136 -0.4990849819566698 -0.4525009003945362 0.993971824645996 -0.0194003438289895 -0.4981537762858764 -0.4524948212386766 0.9932096600532532 -0.0095425460296239 -0.497431221073543 -0.4526771382921336 0.9939926266670228 -0.0546409510464732 -0.5074974964643774 -0.410270301140486 0.991605579853058 -0.061718529025282 -0.5118628201613626 -0.4102772734424671 0.9878559112548828 -0.0681003173642386 -0.5158525615086538 -0.4103496470894778 0.9891923069953918 0.0147273456987132 -0.4959911814139534 -0.2628452109908466 0.98954838514328 -0.0600971518918527 -0.5166606858816646 -0.0885680932559318 0.9839271903038024 -0.0301987685501727 -0.4494885202047069 -0.3880806331627328 0.988737940788269 -0.0599872084854065 -0.4564839863626636 -0.3331411408223403 0.986537218093872 0.0476755637449972 -0.3873976933025649 -0.2126514361617237 0.9962104558944702 -0.0836862357862476 -0.4117914154189801 0.1805207925506399 0.9980450868606568 -0.1299858935254156 -0.3995403317478449 -0.1605999173997783 0.9287334084510804 -0.2502020937946816 -0.4540393013721571 0.168133043117325 0.6305925846099854 -0.2546053041739197 -0.4783376009093926 0.205833173075399 0.7647596597671509 -0.2325637255853523 -0.487849664726223 0.0621703385153338 0.4172700643539428 -0.265293439754674 -0.4989471781534643 0.206214748147457 0.6480420827865601 -0.2406944092749633 -0.5087218269300302 0.0252015745840544 0.3368079364299774 -0.2596062886089611 -0.5011787757660683 0.1937470045139331 0.6417225003242493 -0.2312298838807314 -0.485790300259252 0.0268880955627241 0.331358402967453 -0.2544169943980988 -0.4933118582939664 0.2079476533014191 0.5915818214416504 -0.2224295710892802 -0.4766641908115917 0.0480403094951762 0.3346518278121948 0.0601274036153245 0.0079872040868588 -0.0534103397468044 0.999360203742981 -0.0601274036153245 -0.0079872040868588 0.0529537980228666 0.9996898770332336 0.0893129987296778 0.323093419821902 -0.1281686004685497 0.9818123579025269 -0.1383848091631435 0.2896450399475504 -0.1674386076022378 0.9952720403671264 0.1132322585773939 0.5889014269872493 0.3348693785675382 0.987620770931244 -0.1787476381988776 0.526673919917345 0.3220404005445954 0.994372546672821 0.0879055156867769 0.6169550890427823 0.3673246375770574 0.9208568930625916 -0.1563707552695815 0.545621294606883 0.3527825188594874 0.9475470781326294 0.1706103855635984 0.6669851012088444 0.08525228827968 0.9794094562530518 -0.2230238301829278 0.6475066791221322 0.0600355968373788 0.9886668920516968
P2/rory_frame189.jpg,1,1,0.9976716637611389,-0.1010431477499658 -0.4235124183932178 -2.001196547761813 0.9994651675224304 -0.0744755801649109 -0.4479229462669164 -2.026613739725104 0.9986119866371156 -0.0568593344474579 -0.4506078166366131 -2.02634531419093 0.9984421730041504 -0.040505604448912 -0.4543150001405374 -2.0262797112090545 0.9985591173171996 -0.1250157073832055 -0.448525195307822 -1.9801658718470556 0.9986535906791688 -0.14127704651561 -0.4507013692222253 -1.980554569514668 0.9983378052711488 -0.1568537911975671 -0.4529387042499397 -1.9810245875452308 0.9985424876213074 -0.0111626207118843 -0.480285033899009 -1.6407412371923071 0.9969221949577332 -0.1664216444219202 -0.4693009763034172 -1.4374874819607484 0.99713534116745 -0.0683175102599795 -0.4176305643765582 -1.8084786314194687 0.9988044500350952 -0.1293834309108893 -0.4161089168792425 -1.7514193445501696 0.9990741014480592 0.1171620737425487 -0.3849692998125373 -1.2818959331363309 0.9998155236244202 -0.2784568451308939 -0.3986020094649154 -0.6517243497242573 0.9999364018440248 -0.1328324393465574 -0.1774121939792601 -1.0873245958831232 0.9767203330993652 -0.3557871117175442 -0.205677375393224 -0.1114675128223219 0.9340083003044128 -0.3790810905070086 -0.0136256026626748 -1.2885896240537005 0.9692953824996948 -0.4784619543672629 -0.0334621676344183 -0.3723112727960875 0.9240546822547911 -0.445007235404745 0.0428137360279005 -1.4057073474470434 0.942751944065094 -0.5348904275639652 0.023673929392827 -0.4178965639671319 0.8814356923103333 -0.4780568559541814 0.0405135314758887 -1.5000654830074502 0.944062113761902 -0.5315425570586887 0.0277798560209636 -0.6010357274230298 0.8891100883483887 -0.4556261030678962 0.0175364970926105 -1.3143597053903304 0.9093570709228516 -0.5059977809629375 0.0105514195974103 -0.442562704292607 0.873783528804779 0.1335559855674933 -0.004543689859277 -0.1352206868587504 0.999556839466095 -0.1335559855674933 0.004543689859277 0.1331752832632967 0.999694287776947 0.2598150744665591 0.2997724156617341 -0.3271050780229126 0.9338120818138124 -0.2331911293189549 0.3031244546898174 -0.0319751517633095 0.9467740058898926 0.3820680079390907 0.5797037561467208 -0.0560353080343603 0.9531154036521912 -0.2988208990787807 0.5663840273870406 0.4651812457145109 0.9591526985168456 0.374062120711331 0.623588050835103 -0.064689545773492 0.8429377675056458 -0.2793006634852684 0.6032924016631096 0.48652948106341 0.8329871296882629 0.4236000257085975 0.6701853021697977 -0.6915193235392902 0.9548220634460448 -0.3424865171609111 0.6494103412114758 -0.0313442035533472 0.9474589824676514
P2/video1_frame631.jpg,1,1,0.9020125269889832,-0.0278219668590803 -0.4323001894399187 -1.267838454987521 0.999850332736969 -0.0128353749645748 -0.4652707856295497 -1.2695805207370867 0.9995152354240416 -0.0034350835024044 -0.4692250257235086 -1.2694531996593208 0.9994852542877196 0.0056681776792674 -0.4731627336652161 -1.269432201475419 0.999460220336914 -0.0391854318132503 -0.464707047072919 -1.2578461401015977 0.9995326995849608 -0.0473086732775719 -0.4682669444072502 -1.2581376074303907 0.9994206428527832 -0.0552897852433906 -0.4722696056864763 -1.2583252591111591 0.9994277358055116 0.0208620874640918 -0.4906843861573288 -1.017898795730025 0.9989750385284424 -0.0647837850187966 -0.4941396843293108 -0.969685320110275 0.9991779923439026 -0.0120757578267661 -0.4247341833633327 -1.1496598141196508 0.99965238571167 -0.0406502118433003 -0.4211637869370503 -1.1362686140931249 0.999735951423645 0.0910965465856158 -0.3687342990874551 -0.7427251957794063 0.999923825263977 -0.1381400002642725 -0.4298813240166663 -0.5650343326208376 0.9999869465827942 -0.0117673665885592 -0.0979906107773284 -0.6333642251218504 0.9761438369750975 -0.1373306299668445 -0.1569196633561435 -0.335877900110651 0.9645017385482788 -0.1192993797579388 0.098127882487018 -0.83993856034662 0.977556586265564 -0.1593125161038154 0.0607849629597615 -0.5628098179258301 0.966742992401123 -0.1442829092728833 0.1533187882226299 -0.9253789953735688 0.955540120601654 -0.1787309000731921 0.1313755293418673 -0.6261817101314948 0.9417173862457277 -0.1629982458386954 0.1372377835193661 -0.9928528201234008 0.9572246074676514 -0.1818623717747705 0.1282690517472473 -0.7290299138434595 0.9464781284332277 -0.1545841638570406 0.1183259415609161 -0.86503640460154 0.9296568036079408 -0.1691822109979211 0.1047073656773586 -0.6059905459836543 0.9353317618370056 0.0730783810659328 0.0025773703711416 -0.0232160387255417 0.9998511672019958 -0.0730783810659328 -0.0025773703711416 0.0231179157987828 0.9999374151229858 0.1132808144726599 0.3455859951752847 -0.2952018910582095 0.9871777296066284 -0.1252176552096545 0.3056452555530116 -0.3017774762647847 0.9940909147262572 0.1143802417730965 0.6878220748552613 -0.0523432816860187 0.9918379187583924 -0.1463378322923067 0.6771042257046543 -0.0345042985469507 0.9943552613258362 0.0934256212672561 0.7444695337205137 -0.0529794659358981 0.945520520210266 -0.123736656433083 0.7242523568970927 -0.020343464641671 0.9335483312606812 0.1629294532809856 0.7986816733616948 -0.4204889460491755 0.9885398149490356 -0.2089233111702576 0.7922026367077823 -0.3207487477847641 0.990667462348938
P10/jess_2_frame862.jpg,9,9,0.9998202919960022,0.0581039791583023 -0.5159411645650663 0.0593084557009804 0.9996800422668456 0.0474269170825778 -0.5411570679847295 0.0350764440075647 0.9996114373207092 0.0447415133198805 -0.5418630008763314 0.0349127304902474 0.9994416832923888 0.0426106503525021 -0.5426992180660205 0.0347359975088125 0.999621331691742 0.0536162153457787 -0.5398896266751032 0.0068922564666165 0.9996858239173888 0.0547277560973714 -0.5395029236149529 0.0067295059605716 0.9996390342712402 0.0556716640438751 -0.5391474723919372 0.0065993577488654 0.999689757823944 0.0282806071433862 -0.5342132940173283 0.1384051391991483 0.9991461038589478 0.0423665786277331 -0.5274454781394987 -0.1367622787918782 0.9995308518409728 0.050685510277835 -0.4928335818040288 0.0635838286982236 0.998961865901947 0.0576287463037773 -0.4902302781544596 0.015369808801355 0.9987192153930664 -0.0416252440648853 -0.4046627993125401 0.3572859364018975 0.9993915557861328 0.0472321310419457 -0.3953175522076871 -0.2684605047712194 0.9996528029441832 0.0300383949009058 -0.327797087125621 0.8187527409129818 0.441935271024704 0.1269922500564646 -0.411026902933615 -0.1525472743334276 0.9474830031394958 0.0854087604952918 -0.2961366194123914 0.9789459693233304 0.5331488847732544 0.0918702059041628 -0.5203526687717296 0.2415506493138231 0.9234672784805298 0.0990120191772093 -0.2895741434742919 1.0264287810851114 0.5366157293319702 0.0815924500884823 -0.5537779943302239 0.2527885794010732 0.9049129486083984 0.0978462744195702 -0.2941196463367345 0.9808927026142144 0.548408567905426 0.0651447619021204 -0.5492508583261628 0.219752902772623 0.9055036306381226 0.0945197469029352 -0.2968499297868579 0.961411024599805 0.5462877750396729 0.0684355291198702 -0.5349816025018996 0.2395133625440287 0.8797872066497803 -0.0029062671559548 -0.0033890824234239 0.2214075338513386 0.9998806118965148 0.0029062671559548 0.0033890824234239 -0.2217954921082263 0.9998365044593812 0.0446793170407307 0.282159312102737 0.1746708981255354 0.827838659286499 0.0246900272192242 0.2979616754685301 -0.4473524245944569 0.9877873659133912 0.0184056413991024 0.5740820055214315 0.3356632513811708 0.9482027888298036 -0.1549518854627229 0.5216619158175883 -0.4542149694015682 0.9911282658576964 -0.0106030310844794 0.6220759129016622 0.3424073209860301 0.9081428050994872 -0.1955280412177649 0.5017830833089705 -0.4578464841091245 0.9436582922935486 0.0958343733633827 0.6565647231080899 0.2306103289346298 0.9458494186401368 -0.1751998482771679 0.6679319896918091 -0.6107971761123175 0.9867905974388124
P1/nick_1_frame30.jpg,0,0,0.996338963508606,-0.0528996216617286 -0.4854448901427792 -1.509552632216932 0.9999260902404784 -0.0464177305402669 -0.5283858912464476 -1.4931623794669522 0.9998078942298888 -0.0377840723431806 -0.5343301763299954 -1.4931035593971074 0.9997962117195128 -0.0283140410981637 -0.5414455582607618 -1.4932988205422086 0.9997920989990234 -0.0712653827163939 -0.5228083922719494 -1.4802907218083063 0.999825656414032 -0.0807150015170811 -0.5242472345854995 -1.4806334360052105 0.9998185634613036 -0.0909050414481095 -0.5259496593010768 -1.4808732822260846 0.9998148679733276 -0.0092296814276544 -0.5661025823794807 -1.1896294665765446 0.99955552816391 -0.0951192040092181 -0.5432357430577172 -1.128039213168342 0.99973726272583 -0.0328562799849136 -0.4676012243541851 -1.3795805560118002 0.9998383522033693 -0.0599602458676566 -0.4612163594894881 -1.3624095272662091 0.999845802783966 0.1069592274748319 -0.4440670189659972 -0.7935653991769918 0.999897301197052 -0.1484205949493902 -0.3548578554791158 -0.8079247480085622 0.9999629855155944 0.08975784864754 -0.1611875381115485 -0.6388408841051396 0.9683085083961488 -0.0781127505960352 -0.1020108548067391 -0.7305253250517924 0.975748896598816 0.061248244246382 0.0876006091567414 -0.8075919714490291 0.9336450695991516 -0.0048857252649362 0.1283554643311772 -0.9006558638967002 0.9445010423660278 0.0437994988239892 0.1598924222357871 -0.8846037594021298 0.872302234172821 0.0242513603607651 0.1863296263678918 -0.9823878953086496 0.8880576491355896 0.0378879475121874 0.164681020524661 -0.9676659570054332 0.8776155114173889 0.0413024659959192 0.1768787989356325 -1.0469031714138617 0.8919264674186707 0.0325569422322101 0.1414637451931713 -0.8410921499040077 0.8463064432144165 0.0369440062543351 0.1574830823428966 -0.924597378124704 0.8748225569725037 0.0759752856606809 -0.0032565906249703 0.006056269205177 0.9998607635498048 -0.0759752856606809 0.0032565906249703 -0.0063677462561492 0.9999046921730042 0.1575025883135472 0.3451565727266268 -0.1338844249974687 0.9790844321250916 -0.1697910140924302 0.3402755812686815 -0.0782044639098472 0.98836088180542 0.1760545457765227 0.6838434749399105 0.2332927519050933 0.9862961173057556 -0.2392406628833575 0.6680332310521677 0.2588487461152505 0.9910596013069152 0.1517183461940122 0.7289771351540616 0.2495836282813626 0.9237542748451232 -0.216929391207594 0.7112034021311563 0.276137431787081 0.9155906438827516 0.2413428089183254 0.7971602052035699 -0.1076453357238995 0.9786593914031982 -0.2956297046131922 0.774481710968467 -0.0756886721125843 0.9835003018379213
P2/jess_2_frame581.jpg,1,1,0.9467211961746216,-0.0283976645229077 -0.5223018971703649 -1.1592515130229866 0.9985750317573548 -0.0129077723414891 -0.537480834954448 -1.1452162851774037 0.9972113966941832 -0.0039327435048777 -0.5359380156615022 -1.145030572887137 0.9968044757843018 0.0056948593920707 -0.5355881305110617 -1.145044092643543 0.9970396161079408 -0.0355281684116884 -0.5557614199450758 -1.1293775218272748 0.9971603751182556 -0.0421582569531365 -0.5676882110524413 -1.1296087096618157 0.9965351223945618 -0.048629058182748 -0.5722766012895664 -1.129547747851113 0.99692964553833 0.0275799650741042 -0.5531413526070527 -0.8984691775235387 0.9941076040267944 -0.0506624295461938 -0.5526665326167339 -0.836201542712125 0.9942902326583862 -0.0107938355205519 -0.4883365511457591 -1.0538956156513066 0.9968770742416382 -0.0375367125860978 -0.4991315850083561 -1.035785410318112 0.9972112774848938 0.0895859311456258 -0.3959035743880867 -0.6722464120694547 0.9995324611663818 -0.1118825290499039 -0.4037856538261584 -0.5098582519209461 0.9999215602874756 0.0080440399744704 -0.1545101673640777 -0.6010741126081783 0.9676805138587952 -0.1659967060401169 -0.159787419916802 -0.3547432598180194 0.922771155834198 -0.1200251096125419 0.0081973355760817 -0.7162838844362908 0.9534059762954712 -0.192787086613398 0.0386166645824565 -0.5534647820523444 0.9142475128173828 -0.1449168862123687 0.0847393135611482 -0.7947721542628614 0.9179241061210632 -0.2058648084382531 0.1130553371913958 -0.6204954884989913 0.8734883666038513 -0.1613158591052069 0.0840908568811711 -0.8414437668050704 0.9193722009658812 -0.2029519769206042 0.1215834766253544 -0.6916437596659281 0.8809138536453247 -0.1592603030505678 0.0594009548258595 -0.7330093594463312 0.869076132774353 -0.1912407337477553 0.0994883845449622 -0.586066261196068 0.8651565313339233 0.0636182892030812 -0.0025804298703786 0.0037090971594571 0.9995794892311096 -0.0636182892030812 0.0025804298703786 -0.0041609431659855 0.9998318552970886 0.1193527475451017 0.2956751675402166 -0.4481479997940842 0.9649122357368468 -0.1218174605913336 0.2730235531234075 -0.4122368228287608 0.9872204065322876 0.1081239753156285 0.6696775968988975 -0.2912078405763624 0.9828421473503112 -0.1571889534623092 0.6342326057158244 -0.1951914677466686 0.9898761510849 0.0828071252837128 0.7173579676293005 -0.2931483557946751 0.92738276720047 -0.1321968848513259 0.6787944602708944 -0.1918577569940887 0.9182860851287842 0.180062599151366 0.791459383769351 -0.6320036280585607 0.97761070728302 -0.2332195773880419 0.7626248160274993 -0.5166423120518259 0.9830077290534972
P5/rob_2_frame58.jpg,4,4,0.8769627213478088,-0.0298061484681568 -0.4168920689462606 -1.1593610883391918 0.9774541258811952 -0.0174248880124834 -0.4446770838001364 -1.175756373591938 0.965852439403534 -0.0085299065262479 -0.4458969076425523 -1.1757317306860304 0.9611968994140624 -0.0002289852043304 -0.447679641908673 -1.1759022928212994 0.9587330222129822 -0.039011935144067 -0.4554906124215666 -1.1469439710709903 0.9705132246017456 -0.0449764874766971 -0.4620852893959803 -1.147240724266566 0.9685057997703552 -0.0505648893860105 -0.4690974421162578 -1.147405956335108 0.9720264673233032 0.0141361676201795 -0.4746903434325487 -1.0169132552930342 0.9435929656028748 -0.0540971315282644 -0.4963039024544764 -0.8891704533523004 0.957127571105957 -0.0148711630553612 -0.3973006818633008 -1.0779203683923646 0.947936236858368 -0.0380959943267451 -0.4074809016472401 -1.04178459263159 0.9614704251289368 0.0513084683052723 -0.3366644583422059 -0.857675988942904 0.9886593222618104 -0.0887044933496142 -0.4624610244894223 -0.5757127940427454 0.9986755847930908 -0.0967967114094227 -0.2776419298281703 -1.03438895199354 0.9027205109596252 -0.1578546331967756 -0.4010023093728452 -0.8411748637937186 0.7721462249755859 -0.2214694641369578 -0.3313546043356211 -1.171834275140497 0.8501726984977722 -0.1125628411234262 -0.3644521036186224 -1.3340283440912857 0.7070572376251221 -0.2546243481643334 -0.322207309950418 -1.2551760291461298 0.8079875707626343 -0.0979845548514756 -0.3840881386631278 -1.4111256134286432 0.6405694484710693 -0.2516887966089383 -0.3375239142965491 -1.2505192121460909 0.8061636090278625 -0.0956120521630769 -0.4105782934105327 -1.415535032266567 0.636957585811615 -0.2414183810205121 -0.3357987032180943 -1.1701632646107094 0.7533072829246521 -0.0961720552776577 -0.3995949640919374 -1.3467835398776098 0.6145899295806885 0.0532394753367122 0.0078788769474304 -0.0354366436276503 0.9983329176902772 -0.0532394753367122 -0.0078788769474304 0.0351894250091789 0.9994750022888184 0.0499362183987887 0.3684041750426975 -0.1767818385882144 0.957280933856964 -0.1032264332018777 0.3480885911013021 -0.0867950748189604 0.9697197675704956 0.0339922582767063 0.7384266829427235 -0.0005710101674554 0.95377516746521 -0.1460301224383301 0.7208820414829934 0.1203636879706204 0.9644619226455688 0.0175248440690291 0.8051571801606914 -0.0012765013632955 0.8841454982757568 -0.1321529822167614 0.7845212384424998 0.1260182657733256 0.8804264068603516 0.0810650540750311 0.8442177089001152 -0.3059980578707791 0.950145661830902 -0.2152227643760172 0.8208534652340754 -0.1520079826323667 0.9568289518356324
P1/grant_1_frame79.jpg,0,0,0.9994057416915894,-0.0200293842187106 -0.4184544902640402 -2.693100579894416 0.999762773513794 0.0036484877294471 -0.455029943392277 -2.690072873876709 0.9993634223937988 0.0187833241226312 -0.4624446353159768 -2.689732893309188 0.9994304776191713 0.033397349471662 -0.4702235577201389 -2.690030797868825 0.9992989897727966 -0.0390816254222653 -0.4497632959092411 -2.682799345353506 0.9993545413017272 -0.0529525756244267 -0.4530763800414898 -2.6834439754895625 0.9993909001350404 -0.0663730555895083 -0.4589291206190795 -2.6837165059681096 0.999247133731842 0.0540499243338623 -0.5027624442141503 -2.2559212222515224 0.9989686608314514 -0.1009718999198916 -0.4931418131900836 -2.218986677697221 0.9991173148155212 0.006550608105301 -0.4154990521988064 -2.492447164494895 0.9995766878128052 -0.0442921447955475 -0.4096275219535739 -2.482853192315518 0.9995508790016174 0.1769338689321036 -0.4215310172985284 -1.6434980218939617 0.9999135732650756 -0.2044836168805741 -0.3779944740949455 -1.5826609323570375 0.9999308586120604 0.1451807759746456 -0.0819272067024841 -1.4235371791209328 0.9731536507606506 -0.1235162891823774 -0.0499076055958517 -1.3446653008535447 0.9796717166900636 0.0814388359392185 0.1850064401164799 -1.631019916029124 0.9607300758361816 -0.009074044410198 0.2077510919050401 -1.555961135827371 0.9564752578735352 0.0785386427087638 0.2818111290036204 -1.7562649349323738 0.9248111844062804 0.0035574301093314 0.2857405784727364 -1.6707819040750576 0.9167725443840028 0.057005683589996 0.2814048225152738 -1.870559592486059 0.929075300693512 0.0343116193681667 0.2820247209520397 -1.7928423152060098 0.920200765132904 0.0578547517338254 0.245719068179701 -1.6764213738951277 0.9128345251083374 0.0350986976683195 0.2503371509381569 -1.6043552899029945 0.9095003008842468 0.1143377774319938 -0.0061079267475432 -0.0365169687821159 0.999852418899536 -0.1143377774319938 0.0061079267475432 0.0368229884305831 0.999872386455536 0.1862235127338452 0.431821411646567 -0.393659074728617 0.9745755195617676 -0.2012724305613118 0.4011365996221055 -0.2507773631408719 0.9807116389274596 0.1726348893326772 0.8117746684444228 0.0396540729221819 0.9745761156082152 -0.2261636814314863 0.7886762248796462 0.2418253712726277 0.9805883765220642 0.1250170536620607 0.8660668510145186 0.0466846355854501 0.8697401285171509 -0.1955063312289645 0.8498337023391993 0.257052630347252 0.8623015284538269 0.2450644008280232 0.9320282201681076 -0.4992492180024145 0.9653050899505616 -0.3428940098766766 0.931931862898144 -0.2477474690101599 0.9724419713020324
P2/grant_1_frame165.jpg,1,1,0.9848546981811523,-0.0584581728383745 -0.4032864201572617 -1.816021140806264 0.9962205290794371 -0.0416071661090457 -0.4319190426273836 -1.826790931802429 0.993130087852478 -0.0306023688160521 -0.4348250352365588 -1.8268070457050631 0.9925238490104676 -0.0191255625166855 -0.4381145529885256 -1.8269932824912636 0.9926474094390868 -0.0683772068158022 -0.4350121989286629 -1.793140682473473 0.9918535947799684 -0.0754991239775187 -0.4403446172925022 -1.793553084300189 0.9907389283180236 -0.0821488895319539 -0.4463595949037746 -1.79399557491855 0.9913556575775146 0.0018461826589143 -0.4589924667664841 -1.5241520188005986 0.9854501485824584 -0.0910718561651174 -0.4788714611820129 -1.3804391086481549 0.985102355480194 -0.0391381739832631 -0.3914312936482555 -1.6701903219641974 0.9934865832328796 -0.0685838355318851 -0.3959882482729238 -1.629199263079331 0.9928513765335084 0.091491388037247 -0.3542640781186427 -1.210361429570257 0.9996498227119446 -0.1710134262379638 -0.4417737635951816 -0.7723647362324163 0.9998105764389038 -0.0678698327841784 -0.1144426477209936 -1.1825135398983435 0.9286453723907472 -0.2249169260662024 -0.2010437515104918 -0.4187534850718325 0.9380545616149902 -0.290365181526598 0.0383206429761526 -1.4493882164065728 0.9406850337982178 -0.3476902475478611 0.0164721874165102 -0.6432246406987837 0.9514955282211304 -0.3126537747896151 0.0822842177939019 -1.5807004089749703 0.9184405207633972 -0.3875416399738355 0.0688687521466081 -0.7063062914855345 0.9219388365745544 -0.3339110782840252 0.0682972077062629 -1.6481868592172657 0.9204988479614258 -0.3827339929524289 0.0640318719390062 -0.8409281798344189 0.9265720248222352 -0.3254552722263535 0.0524469741511712 -1.4740965331815652 0.8840065002441406 -0.3672822576354971 0.049549466296038 -0.6984367177617596 0.9122705459594728 0.0894944049178374 0.005162081578911 -0.0652300849832996 0.999637246131897 -0.0894944049178374 -0.005162081578911 0.0654376584303998 0.9997786283493042 0.1570528686188088 0.3436759606796133 -0.5544463062418229 0.9415701627731324 -0.1961495457377655 0.2996308181423337 -0.7169672066882355 0.983572483062744 0.1279310537328675 0.6860151091446519 -0.2299434120064624 0.969566524028778 -0.2106047859077083 0.6599055958450009 -0.272506485478981 0.984164535999298 0.0925547630102146 0.7400085188455545 -0.229900649559095 0.8946046233177185 -0.1790968300236891 0.7128159516475947 -0.2565976607757039 0.9077072739601136 0.2233426120389043 0.7997075334872383 -0.7034433643506567 0.9621680974960328 -0.3004905590182921 0.7834554505726425 -0.7229679242086811 0.9750829339027404
P2/video1_frame640.jpg,1,1,0.9713900685310364,-0.0270414921889048 -0.4248953948620747 -1.1629540628373274 0.9998596906661988 -0.0125226245918806 -0.4563419077799853 -1.1632724557037155 0.999531388282776 -0.0036930132482042 -0.4594253878900995 -1.1631986864081418 0.9994939565658568 0.0051690871634709 -0.4630206663772769 -1.1631829387657706 0.9994556903839112 -0.0373051327716142 -0.4589924041697583 -1.1495663499207218 0.9995497465133668 -0.0451703921322211 -0.4633448690534718 -1.1498261095749802 0.999451220035553 -0.0529453701062244 -0.4678016047342448 -1.150038779191857 0.9994577169418336 0.020948224819384 -0.4844202599072463 -0.9230776417492726 0.9990124106407166 -0.0619412490331887 -0.4911776038266621 -0.864949424403719 0.999251663684845 -0.0113408634102499 -0.4150167306239343 -1.049972908424826 0.9996617436408995 -0.0400791640646484 -0.4144872734828531 -1.0335002629456542 0.9997364282608032 0.0888418151118448 -0.3704444813447871 -0.670078159870287 0.9999275207519532 -0.1307770222976139 -0.4284556616006793 -0.4987050533249476 0.9999880194664 -0.0205931384173739 -0.1140393042460051 -0.581469845601271 0.9731521606445312 -0.1484390734450042 -0.1808128243635998 -0.316106056447641 0.967987298965454 -0.1447527491225644 0.0623105924026853 -0.7759509355392542 0.9740511178970336 -0.1915600933902957 0.0216248001048503 -0.5492586164675353 0.970659077167511 -0.1683809398275181 0.1227543247357282 -0.8609265133368119 0.9500088691711426 -0.2064721933774039 0.0948051644318034 -0.6165739395720506 0.9474396109580994 -0.1893266801887611 0.1000323114709098 -0.9222128974264442 0.9519559144973756 -0.2081510755218488 0.0846574142657673 -0.7110775290079596 0.9516264200210572 -0.1802849343422691 0.0786811075410421 -0.7997475342837403 0.921984851360321 -0.1988387148501435 0.0634000846311995 -0.5893491325947668 0.9414049386978148 0.0722583245771478 0.0022934224212499 -0.026467756748165 0.9998594522476196 -0.0722583245771478 -0.0022934224212499 0.0264275348042021 0.999938666820526 0.1122747656293422 0.3174927280922617 -0.4514778356313734 0.985747754573822 -0.1185164889284009 0.2679657812760024 -0.4379695691612758 0.9933964610099792 0.1077160524974859 0.6688345547921598 -0.3143443845134486 0.9909663796424866 -0.1411605284300223 0.6516037291331955 -0.2089359349598333 0.9937825202941896 0.0875601404905096 0.7306107211374818 -0.3223593229214476 0.9433459043502808 -0.1197822630176332 0.6999693255470139 -0.205168770191726 0.9366440773010254 0.1615231473543367 0.7795686123721343 -0.6801353993151218 0.9874958992004396 -0.2045916496767689 0.772401906195934 -0.5211485014985012 0.9900887608528136
P6/rory_frame224.jpg,5,5,0.9673585295677185,-0.2755842467361512 -0.3506199282884069 -1.6594393648667056 0.9846660494804382 -0.2640261925101927 -0.3797044062273133 -1.6896220864114124 0.9841456413269044 -0.24596629900808 -0.3869435890974086 -1.6894196585201453 0.9842067360877992 -0.2284396584081057 -0.3944576401255748 -1.6894861705415616 0.9837840795516968 -0.3117527610256316 -0.3676142558300237 -1.643504241266145 0.9831545352935792 -0.3265629639161499 -0.3660761653347696 -1.6436709550937387 0.983021080493927 -0.3406175324068375 -0.3650707493762502 -1.6438691898358295 0.9833945035934448 -0.1877919932502838 -0.4284120270586439 -1.3990232569102383 0.9807922840118408 -0.3461296438860458 -0.3903226889680632 -1.1878743383131054 0.9808402061462402 -0.2278485689656052 -0.3528681792036319 -1.5050811573905567 0.98164564371109 -0.2805526947359558 -0.3381799391176022 -1.4455919378876283 0.9813125729560852 0.0579158487180531 -0.3909468175342456 -1.1509653717156394 0.9819061756134032 -0.4144215125364073 -0.3252261445813558 -0.5181795429892273 0.981955885887146 -0.0232642422909191 -0.1441143440385679 -0.98214484813925 0.90839022397995 -0.3227655612673265 -0.1038551958406282 -0.0743256340942777 0.8495477437973022 -0.216515137403278 0.0569292296351515 -1.1731694702217217 0.8839579820632935 -0.2833802508985825 0.0855082885069687 -0.292153566075701 0.8171788454055786 -0.2661296351874862 0.1121858265230316 -1.3015094039462598 0.856590211391449 -0.3185092979664055 0.1237282648830922 -0.3319535463649223 0.7702339291572571 -0.3138417445678346 0.0986014691054877 -1.3756629336666428 0.8586696982383728 -0.3263755012297013 0.1348547139265986 -0.4934783518530122 0.7770108580589294 -0.2969771877636552 0.0793686505648319 -1.189938524438628 0.823701024055481 -0.3042120328932234 0.1134890283687402 -0.3551226475469458 0.7565967440605164 0.1402805766649918 -0.02038998312195 -0.1031007995042398 0.9769520163536072 -0.1402805766649918 0.02038998312195 0.1032828671259077 0.976939857006073 0.2360124858204149 0.3095522975518808 -0.398995061308331 0.9460375905036926 -0.2749800717763938 0.3502671976878736 -0.1724104918584202 0.9522245526313782 0.2608048418033757 0.6196978534165257 -0.084840827720312 0.9488227963447572 -0.4565698190295988 0.6627171059118947 0.1661176051582428 0.9532445073127748 0.2239104789323511 0.6736002077118276 -0.0965765937534923 0.8637616038322449 -0.4352000849139151 0.7008172160581179 0.1743199110167178 0.866649866104126 0.3263459322984412 0.7103512805541052 -0.7173994582496548 0.9417204260826112 -0.5364563958133732 0.7472060253949818 -0.4278043096107893 0.9458901286125184
P4/rorymcilroy_frame140.jpg,3,3,0.6264901161193848,-0.1163505736403063 -0.4590631360119399 -0.5773163954758431 0.9960891604423524 -0.0812191808406509 -0.4813722188145239 -0.64913734151731 0.9944795966148376 -0.0688342730004187 -0.480257751744358 -0.6493560697130362 0.9930742979049684 -0.0563886223932106 -0.478812073890334 -0.6493759738161434 0.9931372404098512 -0.1059471273995927 -0.4851552458010087 -0.5382936691668004 0.9948932528495787 -0.1100099507564599 -0.4867502857802573 -0.5381262469153234 0.9930076599121094 -0.1144771473906231 -0.4880441067168419 -0.5382656298716875 0.9944718480110168 -0.0134625767252256 -0.4733123586868089 -0.7777920947758453 0.9919878244400024 -0.0949982978868178 -0.4887611425402232 -0.2511025448378779 0.9925644397735596 -0.0787672339701366 -0.4393000971340692 -0.5554932548090655 0.9888923168182372 -0.1095608881577459 -0.4447781184922458 -0.4230286826650398 0.9905542135238647 0.0784276710558192 -0.3870340917589676 -0.7616371762563373 0.9912360310554504 -0.0983388246628067 -0.4127180860824178 0.1783668100140248 0.9983588457107544 -0.3894925196657797 -0.3731641317354037 -1.1138516157733074 0.9335511326789856 -0.3501018657396265 -0.4560820762533756 0.2738821400287642 0.7751120328903198 -0.6129217174444431 -0.44397349376827 -1.0734198199742664 0.8783499002456665 -0.5708627747750378 -0.5000066353881388 -0.1052931596522355 0.7647073268890381 -0.6558314113764967 -0.4603862978743583 -1.1992875106862666 0.8184508681297302 -0.594623907998717 -0.5262786413897601 -0.1774944598166016 0.6936839818954468 -0.6323018057172994 -0.4885702909357697 -1.172234634721326 0.8121803402900696 -0.5809057235406726 -0.5271054480706049 -0.2827376490519422 0.6890011429786682 -0.6182829716800314 -0.4726540589497086 -1.0652289832552595 0.7660368084907532 -0.5777082947920638 -0.5156820656908315 -0.1722391664568874 0.6833580136299133 0.126195999944043 0.0033795214630027 -0.1431387304573818 0.999176561832428 -0.126195999944043 -0.0033795214630027 0.1413937317721618 0.999654233455658 0.2031651124251625 0.3136865498203267 -0.4938723209735566 0.9688335061073304 -0.2289331161647248 0.2881959561281584 -0.2937315475284285 0.982999861240387 0.3486423038245793 0.6301383598726135 -0.4259357935282722 0.9816989302635192 -0.2604241190110617 0.6209645750208663 -0.1625290690721652 0.9884884357452391 0.3266711026632982 0.6606152839181347 -0.4446498265143161 0.8973554968833923 -0.2262870093783415 0.6607790724505159 -0.1774134468628783 0.9285449981689452 0.4020114412356523 0.6917443249548318 -0.9277483601897536 0.9725663661956788 -0.3069121856160438 0.6870130057535506 -0.6547657012237517 0.979588508605957
P2/rob_1_frame582.jpg,1,1,0.9838396906852722,-0.0194462948812428 -0.4481661617923003 -1.0684349328414269 0.9996532201766968 -0.0084076672923075 -0.4782551250223209 -1.064145162866319 0.9992393255233764 -0.0025622462469927 -0.4791225851903239 -1.0641027089630413 0.9991863369941713 0.0030463082781791 -0.4802145696096818 -1.0641479639485971 0.9991758465766908 -0.0245945090407712 -0.4856709028198025 -1.051029882903448 0.9991796612739564 -0.0297156752495515 -0.4906138501686379 -1.051284168654008 0.9990615248680116 -0.0345796670916726 -0.4960227400476731 -1.0514337639544231 0.999101459980011 0.0095126067172017 -0.4875666227853363 -0.8612019374569048 0.9984261989593506 -0.0427209251991853 -0.5052200061740343 -0.8078938403515767 0.9984447956085204 -0.011253216751585 -0.43220813345243 -0.9775261576405716 0.9992170333862304 -0.029878138021682 -0.4379561293547592 -0.9626377925956552 0.9992904663085938 0.0436182344002144 -0.3796372461891727 -0.6807829586832731 0.9997380375862122 -0.0938717512812608 -0.4187828086949005 -0.4436646912706418 0.999890923500061 -0.0264374461121268 -0.1503674362521702 -0.6338825123567698 0.9612762928009032 -0.1199010709520845 -0.1783131338703288 -0.2215628727667843 0.9523159861564636 -0.1455853322997732 0.0257586650957011 -0.7882429351632999 0.9564412236213684 -0.183561880623495 0.020545500840849 -0.3864047485069136 0.92954283952713 -0.1771053859724457 0.0834835437506853 -0.8659064426768158 0.9213971495628356 -0.2116148947064338 0.0692447671928277 -0.426622206420036 0.890437126159668 -0.1903685980931295 0.0734371120249501 -0.907565713925686 0.922308087348938 -0.2165345580588324 0.0698517267089662 -0.5126919806847204 0.8958463072776794 -0.1816428766615244 0.0582799306151564 -0.8024933537193759 0.8830326795578003 -0.2049042018386458 0.058054268424126 -0.42177843489061 0.8821529150009155 0.0470190108873065 -0.0023109804132639 -0.0393723243403869 0.9997195601463318 -0.0470190108873065 0.0023109804132639 0.0392581474123708 0.9998504519462584 0.0565290353567831 0.3527575354454783 -0.1725823164804083 0.9463196396827698 -0.0653998878639229 0.3281076612628038 -0.2182651673541446 0.95160174369812 0.0624394940312428 0.7125087606026551 0.0014405962395113 0.9513264894485474 -0.0959668732914677 0.705934095292998 -0.0200939398439277 0.9507593512535096 0.0447765694560351 0.7753104258190758 0.0008538324171807 0.8896684050559998 -0.0750752637216294 0.771090420299457 -0.0170823277841232 0.8598451614379883 0.0867148985268622 0.8173410155374382 -0.2781156954394762 0.95317405462265 -0.1438329927333503 0.8220946272310374 -0.2920983261530736 0.9504828453063964
P1/rob_2_frame16.jpg,0,0,0.9061921238899231,-0.0062163365992069 -0.4088715377535324 -0.5589298150119265 0.999952793121338 0.0057170452401515 -0.4340079526658306 -0.5725765594546962 0.9999009370803832 0.0121017135967021 -0.4376573957769712 -0.5724636087128696 0.999895453453064 0.0183054485277077 -0.4421061162749313 -0.5724853631716594 0.9998950362205504 -0.013757307500095 -0.4328652466582368 -0.5710652878144947 0.9999061822891236 -0.0212986763484 -0.4366336097224574 -0.5711785038545993 0.9998981952667236 -0.028733527938118 -0.4416111360128922 -0.5712424407395793 0.9998900890350342 0.0281622080966058 -0.4719562183402675 -0.4740030940413156 0.9998268485069276 -0.0448831626594046 -0.4749258346142245 -0.46825202429702 0.9998546242713928 0.0025057422350045 -0.3990773222536551 -0.5033674681220552 0.9998997449874878 -0.020538596782144 -0.3971015796533758 -0.5022020791116988 0.9998846650123596 0.0722482820799839 -0.4078999491352004 -0.34403399828226 0.9998543858528136 -0.095466590442882 -0.3917630487312542 -0.3026491913647175 0.9998921155929564 0.0445736922182047 -0.1437581727279322 -0.2531919381898906 0.9583036303520204 -0.0724780967132367 -0.135498044520158 -0.1931473437321864 0.9580660462379456 0.0016349006377147 0.1128190212317125 -0.3057284421520271 0.9374914169311525 -0.0568864505949965 0.1171561174792356 -0.2333010008287317 0.9347693920135498 -0.0085894296952489 0.1812829560262308 -0.3419317084034103 0.8963128328323364 -0.0598528832896184 0.1924591765803905 -0.2565210999550059 0.8876869678497314 -0.0232918623104529 0.1787522757531013 -0.3799374443173028 0.9015489220619202 -0.0451590728684469 0.1883416146578507 -0.3013048586659004 0.8948248028755188 -0.0207381010871438 0.1547969024495571 -0.3180177547935072 0.8806889653205872 -0.0413812253907905 0.1636363757717506 -0.2484443426007053 0.8837867975234985 0.0518054579761709 -0.0029926972241365 -0.0119571125630546 0.9999029040336608 -0.0518054579761709 0.0029926972241365 0.0115672639978932 0.9999271035194396 0.0705130986932134 0.3180041582567636 -0.1254146870596269 0.957072377204895 -0.0904609425349872 0.3105253998020489 -0.0825234999388821 0.9625062346458436 0.0664225971950219 0.696033643683797 -0.0487712581526814 0.9649845957756042 -0.1101294272901057 0.6907181273872854 0.0077719741947845 0.9746627807617188 0.0500631115358964 0.7506651915655673 -0.0521318370373029 0.8462339639663696 -0.0961536466581391 0.7501926953325824 0.0083439510640631 0.8503004908561707 0.1102200266520172 0.8032727788850454 -0.2233464954255605 0.9631100296974182 -0.1774884610816345 0.7895100327702529 -0.1891068841216686 0.9699127078056335
P8/grant_1_frame358.jpg,7,7,0.94231778383255,-0.1023282130732776 -0.3891972729891595 -1.335253476542466 0.9799854159355164 -0.0977445527122427 -0.4129512812784542 -1.329189249161593 0.9574964046478271 -0.0901324720200825 -0.4187068109729067 -1.329311197170847 0.958723783493042 -0.083398470716139 -0.4253283998498179 -1.3294804201792825 0.953615427017212 -0.1235302443825785 -0.4040434358359859 -1.360211049903266 0.9679706692695618 -0.1340940578361681 -0.4035956663835059 -1.3606714439293914 0.9716845750808716 -0.1424324544248526 -0.4041838506417951 -1.3611850223295965 0.9647858142852784 -0.083851478023642 -0.4515164662291009 -1.0131954993021803 0.9428155422210692 -0.1633613114491073 -0.4169701934248285 -1.1436352802839609 0.9592586755752563 -0.0820980053267077 -0.3901580164739573 -1.1829690197312537 0.9658291339874268 -0.1101285879383163 -0.3781451302826553 -1.2216661583372876 0.9608399868011476 0.0086789914691551 -0.468681521507397 -0.4936769685891329 0.9988576769828796 -0.1872831325551007 -0.3111265066552729 -0.9925694977414358 0.9992563724517822 0.1340502747403348 -0.2460173497917281 -0.2708663216007853 0.885770857334137 0.0084322750671738 -0.1266366281711617 -0.9794733156881952 0.8730412125587463 0.2413610309802459 -0.0249829568120655 -0.6813664378204418 0.8910222053527832 0.2188720989829834 0.0069114168548511 -1.1298407847129728 0.8852131366729736 0.2879144149048975 0.0324538840265543 -0.6899060889155875 0.8587257266044617 0.2737038456195174 0.0567013922717991 -1.2652007918170105 0.8605329990386963 0.284183181872864 0.0390703693524175 -0.764524907333347 0.8686128258705139 0.2815306783676211 0.0536183102228696 -1.3076568300739175 0.8662431836128235 0.2630409158324154 0.0162732097326471 -0.64506682662321 0.8601651787757874 0.2630085485744527 0.0344260035947056 -1.1465549143953775 0.854790985584259 0.0606587931976467 -0.0111978625193238 0.1643444669097247 0.9997801780700684 -0.0606587931976467 0.0111978625193238 -0.1642011477804572 0.9997490644454956 0.0672316297316515 0.3127141810951327 -0.0461828686367618 0.8719159364700317 -0.1100520346725953 0.3318460509345696 -0.5379928818671278 0.9178916811943054 0.0138690342770848 0.6546190625374836 0.4563419408970315 0.865626871585846 -0.3320391800505463 0.6293131046656656 -0.1600157490691367 0.8956835865974426 -0.0227258442090724 0.6998447173657893 0.4911810635186804 0.7595181465148926 -0.3602234064094965 0.6600266777848307 -0.1335614250595172 0.7791805863380432 0.0719708140956773 0.7609446991211437 0.1453217694139245 0.8641454577445984 -0.3677641716909588 0.74289760248737 -0.5156933856265309 0.8859358429908752
P5/jess_1_frame356.jpg,4,4,0.9631794095039368,-0.132916923264055 -0.4216359740584414 -0.9526510142076936 0.9989988803863524 -0.123438761559146 -0.4518535057340727 -0.9762325121929925 0.9985415935516356 -0.1143199253104398 -0.454308100116881 -0.9761901059918572 0.9983561635017396 -0.1046611883389239 -0.4574919738017468 -0.976314855373425 0.9983984231948853 -0.1444511952579387 -0.4530162408262166 -0.929168070380983 0.998257339000702 -0.1501178446618103 -0.4558335155862037 -0.9294268018866444 0.9977045059204102 -0.1557586209151159 -0.459006036218487 -0.9296293854348532 0.9979466795921326 -0.0776946019283087 -0.473320813038462 -0.8519679569651543 0.9977015852928162 -0.1465063393296723 -0.4706736193522691 -0.6445147275401361 0.996420681476593 -0.1112257756321536 -0.40453696174025 -0.8859040293717387 0.9979723691940308 -0.1339280159280882 -0.4040900057481566 -0.8263280405052494 0.9979131817817688 0.0152483037110452 -0.3836496263348067 -0.7855259210262248 0.9984149932861328 -0.1543256133891534 -0.4041685645777283 -0.3054114466902985 0.999710738658905 -0.1733901531299701 -0.2327270837474006 -0.9770521864858246 0.9800472855567932 -0.2308485695552062 -0.2711392112019289 -0.5454545931901629 0.8174341917037964 -0.337265696693549 -0.2469466344903955 -1.0464434395168816 0.9646204710006714 -0.3388688121326736 -0.2773851615205513 -1.1841971389322092 0.8002673387527466 -0.3791178259199273 -0.2654890948486265 -1.1324200262056676 0.9326130151748656 -0.3783941292063737 -0.3007964442352168 -1.2671252028679814 0.7438700795173645 -0.3780907906714166 -0.2966701061498009 -1.1191125308594971 0.9320505857467652 -0.3776358633870844 -0.3188733489194638 -1.294713603751954 0.7436885237693787 -0.3596306734936182 -0.284311704528029 -1.0383003753241742 0.8789994716644287 -0.3589660233892405 -0.3054730967181517 -1.218910533109226 0.7131675481796265 0.0683907887566753 0.0006230222449087 -0.0777347267831805 0.9993968605995178 -0.0683907887566753 -0.0006230222449087 0.0773755221041327 0.9997925162315368 0.0610847907671393 0.320810775523995 -0.2353639442769876 0.984780490398407 -0.1836233062512959 0.2923402182989351 -0.1654061524505723 0.9932059645652772 0.0157912104430495 0.6198958074709852 0.0137247368031802 0.988651692867279 -0.274171710852362 0.6024509698985979 0.0711424748115835 0.9937350749969482 -0.0133260681886929 0.6654514473823446 0.0204885778855501 0.9344815611839294 -0.2489346533032433 0.6553052001339785 0.0775416779203852 0.9199440479278564 0.0802719327400994 0.733243181449563 -0.2885493723111093 0.9816129207611084 -0.3511816941866444 0.7129994272447687 -0.1984821036370391 0.9865309596061708
P2/video1_frame643.jpg,1,1,0.9748548865318298,-0.026494212710063 -0.4193076521880332 -1.2009803893501088 0.9998607635498048 -0.013124090277218 -0.4493613051057081 -1.2036766917483306 0.999531865119934 -0.0050499600138509 -0.4526330077069221 -1.203585329807613 0.9994907379150392 0.0032239963661595 -0.4564717094131315 -1.2035618517391031 0.9994491934776306 -0.0360326843582319 -0.4516337271040982 -1.1880757777580628 0.999553680419922 -0.0434390023406395 -0.4559035101512795 -1.1883797174820263 0.9994564056396484 -0.050824917656483 -0.4603512164524692 -1.188617198520049 0.9994642734527588 0.0176695343524265 -0.4793094192297955 -0.9676466433652268 0.9990060329437256 -0.0593490317313154 -0.483395278238685 -0.9011673297285488 0.9992652535438538 -0.011745635117475 -0.4110704506117597 -1.08932964695012 0.9996579885482788 -0.0384698278852064 -0.410435792663967 -1.0705146378877606 0.9997326135635376 0.0851488786899641 -0.37171393183885 -0.7093214310744989 0.9999274611473083 -0.1275300177712112 -0.4271626788152459 -0.518949887614024 0.9999883770942688 -0.0190217360809288 -0.1212496719498147 -0.6228754828616379 0.9728158712387084 -0.1510572927118627 -0.1880283497124402 -0.3097697109244912 0.9686535596847534 -0.1472985514562322 0.0413528296844512 -0.8130992945140312 0.9738465547561646 -0.1998282919276816 0.0140965173703729 -0.5230133937014572 0.9717440009117126 -0.1733130014628225 0.0961762949384975 -0.8964129833504679 0.9498032927513124 -0.2191810462716537 0.0769178279175812 -0.5822266951932582 0.9490740299224854 -0.1905909846407451 0.0795008655124504 -0.9565151885191768 0.9517725110054016 -0.220527322225676 0.074378145989161 -0.6788747267862492 0.9531081318855286 -0.1799128890473199 0.0601693389428814 -0.835702373665207 0.9213429689407348 -0.2113891028892222 0.058521523578609 -0.563223974097528 0.9431368708610536 0.0696905583362351 0.0025555089969681 -0.0270986370189143 0.9998584389686584 -0.0696905583362351 -0.0025555089969681 0.0270412217024135 0.9999385476112366 0.1097972501543963 0.3184810494689715 -0.3624437327530591 0.985820174217224 -0.1219922690049083 0.2813708492828183 -0.3664407801545515 0.9934533834457396 0.1024438890932913 0.6538371294512229 -0.1809887359071122 0.9911141991615297 -0.1389496602824804 0.6403880216952451 -0.1085123322196737 0.9938377737998962 0.0803505015572025 0.7117625501210613 -0.1854363109411457 0.9443206787109376 -0.1172576502051598 0.6878108697119532 -0.1000459944460217 0.9384403824806212 0.1592545140628468 0.76219464143638 -0.5338518602548612 0.987655758857727 -0.205962818690987 0.7570077135212563 -0.4059469809904348 0.9901480674743652
P4/golfSwing_frame209.jpg,3,3,0.9150596261024475,-0.1933691933640428 -0.4288984178591608 -1.2661903350590145 0.9951157569885254 -0.1695285036040762 -0.4494641799782608 -1.3290577494298388 0.9911961555480956 -0.1549206913276845 -0.4516362131734249 -1.3290496925146866 0.9902868866920472 -0.1412167815839694 -0.4537929660122659 -1.329126094296302 0.990699827671051 -0.203160428958897 -0.4492044833769332 -1.2159838072005231 0.9889158606529236 -0.2110892669426252 -0.4512195456389599 -1.2161353605527825 0.9839779734611512 -0.2198320617252191 -0.4528646149094722 -1.2164156856351462 0.9857380986213684 -0.0999459282785687 -0.4665566476489543 -1.3141045316443798 0.9824207425117492 -0.20445217471752 -0.4614379366492099 -0.7884873620340072 0.9792113304138184 -0.1531027456622258 -0.4177829310204144 -1.2288379207641784 0.9889141321182252 -0.1927195003956505 -0.4193590997751426 -1.0779089099731618 0.989232301712036 0.041226436087816 -0.3972609957414957 -1.335380483051679 0.9971376061439514 -0.1843132901891555 -0.3898388404822085 -0.4151484239498986 0.998988687992096 -0.3215540883297708 -0.4112787084391552 -1.8333645173750204 0.968556821346283 -0.3917146778612823 -0.4475112809840031 -0.2495140323345589 0.7841441631317139 -0.5281299200234594 -0.5358379915864013 -2.0441846764059464 0.9558793902397156 -0.5840183094683665 -0.5793042848146065 -0.5714726160058602 0.8678147196769714 -0.5776809553237721 -0.5893325048447989 -2.228730401651626 0.9264448881149292 -0.5873587690010097 -0.6232944858961988 -0.6684587739927262 0.8274862170219421 -0.5518605912178997 -0.5991149195066847 -2.2322708602116887 0.9241652488708496 -0.5683980346732389 -0.630276219612555 -0.771688138292387 0.8368436098098755 -0.54449962684007 -0.5855161663969387 -2.056677340086395 0.8750410676002502 -0.5660654882805172 -0.6133623931985117 -0.639820607996626 0.8240736126899719 0.1166345778053416 -0.0012356946333833 -0.2256426603136571 0.999153733253479 -0.1166345778053416 0.0012356946333833 0.2245331154401458 0.9995195865631104 0.2180116850939818 0.2984832159757457 -0.4235053202791691 0.987417221069336 -0.2344396656331155 0.2847677070524581 0.2191496722671036 0.9940848350524902 0.393909006485445 0.5963195866858683 -0.1642964227788391 0.9939780235290528 -0.2988462980788321 0.5683563957022585 0.7042321718300649 0.9943360090255736 0.3908440448316909 0.6403620188036195 -0.1786694558531346 0.935482382774353 -0.2737390751481755 0.617060447797198 0.7191119049928428 0.9332406520843506 0.4405467376685104 0.6733982880864997 -0.7897236123167113 0.9882339239120485 -0.3698896754688283 0.6424479263540535 0.1994648400540718 0.9873984456062316
P10/jess_1_frame508.jpg,9,9,0.9998247027397156,0.0127400639122301 -0.4938549826953231 0.2552338811142849 0.9996188879013062 -0.0053321521145962 -0.5159978054153057 0.2323537146565892 0.999556303024292 -0.0102782557656349 -0.5166423307250404 0.2323810107779444 0.9993708729743958 -0.0155234784452431 -0.5176511140627317 0.2322368175649644 0.9995810389518738 0.0030837880216276 -0.5148920918083766 0.194444896164651 0.9996338486671448 0.0039514097581149 -0.5145997329256066 0.1945536392659817 0.999565601348877 0.0048014690539687 -0.5145573600529667 0.1944214447310272 0.9996351599693298 -0.0335962520098674 -0.509115570453489 0.1833202050988486 0.999116599559784 -0.0032545804337154 -0.5055864723465362 -0.0027567694168925 0.9994818568229676 0.0069505914189124 -0.4729491156568194 0.2440997119059183 0.9990960359573364 0.0145387737711983 -0.4721536950651592 0.1937235932539981 0.9988635182380676 -0.1143624783341315 -0.3970022925190229 0.3112288656933676 0.999578595161438 0.0276242788107061 -0.3982816094577708 -0.1915344907827972 0.9997790455818176 -0.1264656017737524 -0.3699362484284568 0.6951720432953163 0.6787914037704468 0.0855301544998413 -0.3613339048218041 -0.1393584658887176 0.9552989602088928 -0.0515712706139279 -0.4421889887326073 1.0942392932025429 0.7188479900360107 0.0481217842583658 -0.4539268784531254 0.1517642278142571 0.9280149936676024 -0.0508961852636461 -0.4980408370974519 1.169838166292971 0.7064898014068604 0.0380914005053772 -0.4914788030621876 0.1660974443685949 0.9079558253288268 -0.0504784036070919 -0.4899521368024787 1.1256935314543897 0.713326632976532 0.0316226611282936 -0.4878521009944911 0.1631005160897306 0.91001158952713 -0.0352723035532991 -0.4605683151631063 1.0862267316630942 0.7001792788505554 0.0358582757788844 -0.4677227795701149 0.1603575578931772 0.8908555507659912 -0.0268845190758688 -0.006331422463611 0.2263879440654295 0.9998761415481568 0.0268845190758688 0.006331422463611 -0.2269045957581434 0.9998511075973512 0.030536391652066 0.2824562448649352 0.2654255791367971 0.8816371560096741 0.039473165014488 0.3056863359830332 -0.3298817341059578 0.9866933822631836 -0.03115442230103 0.5517014689936119 0.31274999142121 0.950783908367157 -0.140941699004171 0.5290520534920191 -0.3468445660686856 0.9891436696052552 -0.052317163264542 0.5983391340954706 0.3086279286354567 0.909436583518982 -0.196428185880834 0.5138515288162053 -0.3450218588536665 0.9302814602851868 0.0687949141123616 0.6444209340128302 0.2548172609948096 0.9463824033737184 -0.1492394411272416 0.6758956153172665 -0.3201453586183913 0.9835512042045592
P3/rory_frame203.jpg,2,3,0.542557418346405,-0.1897135738032205 -0.4315807601721697 -1.1497706166141626 0.9955940246582032 -0.1599274787649565 -0.4532914549180481 -1.215830667557455 0.9935519099235536 -0.1453515678892677 -0.4535274683793402 -1.215786806040326 0.9923362731933594 -0.1311633295764179 -0.4538911477298312 -1.2157609566195726 0.992376983165741 -0.1924184131918248 -0.4573062274530143 -1.108366719413428 0.9929869174957277 -0.1999181138847754 -0.4602642674177733 -1.1086575941453616 0.9910211563110352 -0.2084273169562912 -0.4630836417398214 -1.1091221274858658 0.9921445250511168 -0.0848323677838145 -0.4602788420911767 -1.1750369816827997 0.9870555996894836 -0.1977796930535805 -0.4707290891668063 -0.6815680333321471 0.9867051839828492 -0.1552623458035924 -0.4162132107859131 -1.0993874831246522 0.987355887889862 -0.1974319633456819 -0.4211745121105882 -0.9589545237667412 0.989198923110962 0.0161589129029865 -0.3802579727388954 -1.2136045924404613 0.993457555770874 -0.1825888959565701 -0.4022387114334937 -0.2138266147161228 0.9982349872589112 -0.298869559031233 -0.3449219520661447 -1.6376371155073086 0.9347410798072816 -0.4355773143653817 -0.4124042023900811 -0.0291189793232646 0.6335004568099976 -0.5718429483568068 -0.4165021605609819 -1.7633036620083948 0.9170793294906616 -0.7090828855155586 -0.4838028462035106 -0.3913761110980826 0.6308609843254089 -0.6492933815587087 -0.4311559634412276 -1.9219966934354653 0.8701436519622803 -0.7535609044548336 -0.5150667581261138 -0.4755299315871248 0.5963534712791443 -0.6372962253969928 -0.4540936806913712 -1.90710783957236 0.8678090572357178 -0.7483100346189547 -0.5187541504971788 -0.6157025405290985 0.601999819278717 -0.6277284679210943 -0.4472921206041361 -1.7626798384873446 0.8172797560691833 -0.7353193600954958 -0.5085746348548636 -0.4738759467754448 0.6016539335250854 0.1141286300484967 -0.0005539063377893 -0.2371041556013281 0.998631477355957 -0.1141286300484967 0.0005539063377893 0.2355752929858473 0.9992620944976808 0.2272247957329721 0.2805936060679405 -0.4774769910814405 0.9573776125907898 -0.2208771129750266 0.2865439227302645 0.062835932956568 0.962158501148224 0.3937011152482251 0.5786833513236311 -0.2517857844205363 0.9690974950790404 -0.2845044996806776 0.5614746494448418 0.5157565114197765 0.9623130559921264 0.4088744502365352 0.6243343908522732 -0.267147438626395 0.8892693519592285 -0.2557731435072968 0.6096410576078437 0.5292583307392469 0.8838310837745667 0.4067547977347701 0.6564939577045921 -0.8878266113866259 0.9609022736549376 -0.3548063305720405 0.6394675767402644 0.0562417440037068 0.9506797194480896
P2/Charlie Wi_frame283.jpg,1,1,0.9939348101615906,-0.0278158467899141 -0.4667275557575198 -1.0658738734978768 0.993886649608612 -0.0141365133725807 -0.4993647594180934 -1.0647661756140414 0.9918702244758606 -0.0055914558207978 -0.4993059942915953 -1.0647323732909777 0.989407241344452 0.00331368840262 -0.4992136389905043 -1.0647232509067197 0.991738259792328 -0.03442017012796 -0.5044788811788882 -1.0359718293591993 0.9930534958839417 -0.0396230406658368 -0.5079499837470737 -1.0361722389482435 0.9923897385597228 -0.0454832885995341 -0.5116504895286889 -1.036308579699012 0.9925269484519958 0.0211142180197846 -0.5010455410385607 -0.8442280810629367 0.9848257899284364 -0.0467991748496879 -0.5233395167062019 -0.731717897338552 0.99114727973938 -0.0090409899610869 -0.4421436494926903 -0.9664695151572512 0.9879941940307616 -0.0351776816021457 -0.4471398167035466 -0.931551008270648 0.9861535429954528 0.0762667389195268 -0.34887052339953 -0.6563684176919584 0.9985691905021667 -0.0990036098786939 -0.4508063080136267 -0.3555644087504638 0.9990411996841432 -0.0645226945718386 -0.1582358873102434 -0.6418465012635234 0.5134773254394531 -0.1494252905887846 -0.2289591866796009 -0.0545520434917779 0.9549474120140076 -0.2015615552424065 -0.0223323038247555 -0.8322102237551993 0.6634582877159119 -0.2337601772970336 -0.0496648763974754 -0.1741695280606573 0.951061487197876 -0.2347195126834042 0.0138452335217433 -0.9240031192492508 0.667528510093689 -0.2687026569608726 -0.0128680776637992 -0.2187865083784036 0.9341796040534972 -0.247105942601621 0.0041947410031502 -0.969264146967216 0.6783596873283386 -0.267060839942933 -0.0121483286174715 -0.3058263057723761 0.9338542222976683 -0.2356737565064682 -0.0067270865866629 -0.8491294886233626 0.6703104972839355 -0.2521533083101724 -0.0192077811422107 -0.2112342703133486 0.911564290523529 0.0663691641482447 0.0081186391248468 5.939478688959399e-05 0.9997308850288392 -0.0663691641482447 -0.0081186391248468 -0.0003453725660944 0.9996389150619508 0.1170869334078514 0.3010168999322559 -0.0552403724655818 0.8048840165138245 -0.1049910761789017 0.2775456416822545 -0.3965214743607345 0.9819279313087464 0.121970591212861 0.5695665978454565 0.4116952876828199 0.9272936582565308 -0.1335514933862636 0.5728394830254658 -0.0193261732483709 0.9868524074554444 0.1021757245349249 0.6071827846907262 0.4462546625659082 0.8706667423248291 -0.1303058339267137 0.6086655610714884 0.0041964254841096 0.9262872934341432 0.1733092483312569 0.6924240403837247 0.1501038474736379 0.9232447743415833 -0.15617762284351 0.6911435122120897 -0.3272945288742905 0.9797994494438172
P7/nick_2_frame88.jpg,6,6,0.8378840684890747,-0.1077827475582244 -0.4944138411582476 -1.1940856136947786 0.9949331283569336 -0.1021907309927362 -0.5630409177416456 -1.1821307570353032 0.9943514466285706 -0.0930672813170679 -0.5959382328713908 -1.18209162893741 0.9942221641540528 -0.0826843348528048 -0.5923572476934881 -1.1822095023323136 0.994004487991333 -0.1231308662321938 -0.5084581993828803 -1.1616564907113882 0.9946017265319824 -0.1300064678215426 -0.5020863720539084 -1.1619159589105434 0.9946816563606262 -0.1372753679323723 -0.4981920258357676 -1.1622163893371809 0.9947061538696288 -0.0526412921890728 -0.61079076973048 -0.8987445298403243 0.9902728796005248 -0.1389307310238725 -0.5077254034745216 -0.7954686666452303 0.9932557940483092 -0.0822161427064497 -0.5151750876251492 -1.0688380396418609 0.99476820230484 -0.1085415269690904 -0.4557093660622537 -1.0392269956339326 0.994710087776184 0.0680615532935331 -0.4557384675850618 -0.4698118967636762 0.998665452003479 -0.1524207541491319 -0.339801302150559 -0.5596398912452256 0.9980008006095886 0.0898809702578377 -0.2226353921668992 -0.2438411705084608 0.8408713936805725 -0.0745162221422636 -0.1107243245926623 -0.3561254528851819 0.9112390875816344 0.0928959124758257 -0.0693922754478245 -0.3403110679009257 0.7067016959190369 0.0737463768162121 0.0446844712071558 -0.6075063327382516 0.8091081380844116 0.092976125076507 -0.0273406972653199 -0.3745768882544906 0.6496050357818604 0.1141648460128933 0.0974174087380132 -0.6794097761436874 0.7376542091369629 0.0877679306962913 -0.0266884196459073 -0.4526184297416385 0.6554009914398193 0.1396333249316698 0.0869676388190666 -0.8214212946377839 0.7382089495658875 0.0782387715555915 -0.0575419030372551 -0.3708276522556464 0.6136197447776794 0.1258213509259318 0.0634229172882774 -0.6789799173057371 0.7051020264625549 0.0706408285965399 -0.0065810403773953 -0.0019565892629018 0.9976056218147278 -0.0706408285965399 0.0065810403773953 0.0018310161060097 0.9975850582122804 0.0837443394797966 0.3290354505658177 -0.1229786258341209 0.9219654202461244 -0.1479074503324408 0.3318167246741988 -0.2380331851838973 0.946506917476654 0.0435699317937251 0.6729715533236026 0.1192588505417961 0.9111754298210144 -0.249477328459385 0.6342452520855025 0.0736696337773362 0.9398521184921264 0.0039932058029744 0.719696860524161 0.1283542991724094 0.8073527812957764 -0.2262938693199267 0.6635654031406549 0.0893526645142114 0.8219608664512634 0.1091887301633075 0.7820693717969611 -0.2219917196721405 0.9089573621749878 -0.3017874991200355 0.7501518486935262 -0.2597116187204799 0.9334656000137328
P7/rorymcilroy_frame234.jpg,6,6,0.991240918636322,-0.2323344250506346 -0.3929618438943608 -1.1621707288404357 0.9988493323326112 -0.2407378394203133 -0.4300731209062461 -1.226152239006541 0.998030424118042 -0.2296831780301485 -0.435926499411143 -1.2259032549419944 0.9979453682899476 -0.2203980943349227 -0.4383096986220013 -1.225802159324139 0.9980443120002748 -0.2693956164049882 -0.4090575949421863 -1.1647718324344656 0.998054563999176 -0.2777663335634063 -0.4082776566926638 -1.1650427686903178 0.9980565309524536 -0.2831923375649354 -0.4078189714322233 -1.1657023742701302 0.9982373118400574 -0.1857445962154108 -0.4593216429127428 -1.106506095195125 0.9966509342193604 -0.2635570267447605 -0.4344070611592401 -0.8736332637682553 0.9972070455551147 -0.1669048790232948 -0.39418677616922 -1.0954562863946171 0.9985018968582152 -0.2001389946681185 -0.3845446805206538 -1.012942967403921 0.9982919096946716 0.1541106797789251 -0.4437767185599174 -0.939372104617308 0.9995636343955994 -0.352244688384813 -0.331299351664007 -0.5402985395877367 0.9994854927062988 0.1909146838814548 -0.18671303446554 -0.7113304305765068 0.9123196601867676 -0.2158707437227404 -0.1102767752553609 -0.3086034143399566 0.9020602107048036 0.0916305839602822 0.0822352193882074 -0.8127040902653615 0.8830946087837219 0.0008507629509456 0.077944028139335 -0.3838608408770184 0.8588815331459045 0.1000423170550872 0.17335899657395 -0.9042211582890234 0.8468319773674011 0.0311156714148972 0.1412469845183955 -0.4319989635419272 0.7984579205513 0.0652008388552889 0.1819568611434577 -0.971760425438692 0.8522485494613647 0.0669584006139343 0.1415403351169493 -0.5241001909300191 0.804041862487793 0.0633740699251061 0.151851741524642 -0.829556903068612 0.8330424427986145 0.0620795838651624 0.1167319326466569 -0.4121588041155152 0.7821643948554993 0.1450648749689317 -0.0022759800870072 -0.0758052203635263 0.999400794506073 -0.1450648749689317 0.0022759800870072 0.0750882574628121 0.9994413256645204 0.1564059546867116 0.3344313516740884 -0.2120167188099365 0.916195034980774 -0.2549055526133272 0.3355517221956229 -0.0942915578234291 0.9404231905937196 0.1384223729555187 0.6629902610981987 0.2250431491307509 0.9211835265159608 -0.5122142347164614 0.6472087152306675 0.3002065567432073 0.941832423210144 0.1029205959488141 0.7004593010594428 0.2398259136205652 0.677686870098114 -0.5079207327106094 0.6879908030113406 0.3188323844924038 0.720794141292572 0.1458894685970839 0.7670644447001285 -0.2877499302090876 0.9086723923683168 -0.5979266812074949 0.7574409506452476 -0.1748105707818096 0.9301838278770448
P6/eric_1_frame90.jpg,5,5,0.9880993962287903,-0.0971273553934804 -0.4460298100957072 -1.6313796380087202 0.8048917651176453 -0.0855710251178852 -0.4772731236821257 -1.640389424345594 0.8135510683059692 -0.0749499377296592 -0.4804337143019417 -1.6401777873007766 0.815520167350769 -0.0638808880340798 -0.4842853256419337 -1.6402840214497465 0.8119596242904663 -0.1123034605133897 -0.4767969818939424 -1.6076957403122092 0.8028412461280823 -0.1211353586821922 -0.479031307160105 -1.6081557557898292 0.8025325536727905 -0.1309034141167979 -0.481440860584349 -1.6084250818013015 0.8093554973602295 -0.0380548510426171 -0.504693337910631 -1.3579699293247065 0.8008206486701965 -0.1432670574243129 -0.4953965198707898 -1.2159112645635957 0.7981323599815369 -0.077313024104393 -0.4360352381854032 -1.498373984746818 0.7872667908668518 -0.1063368087302175 -0.4338890257501545 -1.4574091659006163 0.7865705490112305 0.0682514506980292 -0.4016826222967855 -1.0591333513983323 0.7580389380455017 -0.1942777364984355 -0.3883283746439877 -0.6756536346513138 0.7545173764228821 -0.0120798534917227 -0.1523435102615574 -0.981791565935924 0.6864957809448242 -0.2028712312718977 -0.1603614453734656 -0.3430997468160071 0.5509107112884521 -0.1530806655299948 0.0398821116550203 -1.1912988571300025 0.6666748523712158 -0.2604455681212897 0.0268806478271264 -0.6132744469444731 0.6038768887519836 -0.1958520467858664 0.0898154866832533 -1.297940735755931 0.6553001403808594 -0.2935551280915252 0.0870728501330926 -0.6745638202459406 0.5942004323005676 -0.2179159152732459 0.0785408680906458 -1.3592277815486573 0.6558918952941895 -0.2924217975852244 0.0915296968710879 -0.7933405813202569 0.5981812477111816 -0.2005175380574406 0.0629929434493427 -1.2125018798844165 0.6276928186416626 -0.2764152705966086 0.0743031396755645 -0.6629899920921309 0.5859140157699585 0.0773787762263296 -0.0076680606729305 -0.0363086350119261 0.6835870146751404 -0.0773787762263296 0.0076680606729305 0.0362041464945123 0.6819058060646057 0.0961072415623726 0.3585499784341673 -0.3380664260380239 0.6208440661430359 -0.1795796019235777 0.362203668405852 -0.2856938841930817 0.5828679203987122 0.0374413862387077 0.6804108547048817 0.1689987887491042 0.5938535332679749 -0.3010207786292906 0.6716670693669929 0.1983763131409227 0.5847442150115967 0.0094422873361611 0.7381673191132663 0.1983911302278193 0.5390641689300537 -0.3046954993049575 0.7095863430254398 0.2272715860341125 0.5598004460334778 0.0827639664507828 0.8009199472850884 -0.1783635617316549 0.5939203500747681 -0.3492170008835266 0.7972000895649063 -0.1383572192975773 0.5972821712493896
P4/nick_2_frame73.jpg,3,3,0.988878071308136,-0.0505790872110181 -0.4684199139576216 -0.3546285940282889 0.997097671031952 -0.0338803255093185 -0.4938825728881263 -0.3422730218588992 0.995945394039154 -0.024667325995971 -0.4940863153196576 -0.3423297598957384 0.995419144630432 -0.0149286207024997 -0.4946342018134272 -0.3425051190171531 0.9959344863891602 -0.0557483368262759 -0.4981838591650175 -0.2999118318869122 0.994365692138672 -0.0614511812383665 -0.5006654122543381 -0.2998999697784547 0.9918206930160522 -0.0669998468239028 -0.5032761622839674 -0.2998064449137002 0.9926971197128296 0.0101938958409088 -0.494107924365426 -0.1629729793055661 0.9930204153060912 -0.0586270847568644 -0.506701138871481 0.025685366443871 0.9891868233680724 -0.0342956993890901 -0.4459291276549457 -0.2794254846630183 0.9924542903900146 -0.0593078840321464 -0.4504643404272986 -0.2255945504811791 0.9909257292747498 0.0491360259879141 -0.3943729742911454 -0.1584166576968375 0.99731183052063 -0.0705311536366262 -0.4053408798547581 0.2999050290391702 0.998435080051422 -0.1262451046400721 -0.3688641817629286 -0.2611862495318934 0.9407683610916138 -0.1796517469232511 -0.4105561487341524 0.302254012347705 0.575702965259552 -0.2422409188219084 -0.475174112763172 -0.1596506456854528 0.8021161556243896 -0.2221705743124512 -0.4797169287182953 0.063476757736918 0.3571976125240326 -0.2668747736636534 -0.4982342802718106 -0.2428124437824115 0.6826003789901733 -0.2347703058323094 -0.4874321012258771 0.0475240905008806 0.2840231657028198 -0.2581997707897952 -0.5069823423004097 -0.2111573640695487 0.6758202314376831 -0.2155738700071445 -0.4910998651609532 0.0487031733627889 0.2773159444332123 -0.2468985828536159 -0.4960867527232972 -0.1459204552295896 0.6240320801734924 -0.2049079194164127 -0.4802732187298639 0.0585455184695217 0.2843136787414551 0.0624319918157461 0.0072442896769076 -0.039705564013976 0.999517023563385 -0.0624319918157461 -0.0072442896769076 0.0389988681838445 0.9997342228889464 0.0867413679702377 0.3124967572087438 -0.1798910328050642 0.98253732919693 -0.1382410405477438 0.2897555803757349 -0.145757515592813 0.9944980144500732 0.0995064830070487 0.5875759081661261 0.2218224428667674 0.985219419002533 -0.1738722990155791 0.556956804980819 0.3162223739330201 0.9928220510482788 0.0770341044100274 0.6254808041162453 0.2476368633339778 0.9024676084518432 -0.1498827710385335 0.5839069437285073 0.3509034918051023 0.9306643009185792 0.1586345489083362 0.6855760177326408 -0.0393128424738493 0.9755916595458984 -0.2171995219503132 0.6667426481764588 0.0883496197723858 0.9853842854499816
P2/grant_1_frame169.jpg,1,1,0.968401312828064,-0.0625453186618599 -0.4076364892586953 -1.8975314796361544 0.996571123600006 -0.0440549617474797 -0.4373896857181695 -1.909191993228722 0.9937412738800048 -0.0329076180561006 -0.4400544280957187 -1.909172417660296 0.9931777715682985 -0.0214746160699089 -0.4429200738070054 -1.9093235120477043 0.9932798147201538 -0.0717430807421954 -0.4408770369822528 -1.8732457394381308 0.9925974011421204 -0.0794135134726518 -0.4462484279542044 -1.8737300535014167 0.9915699362754822 -0.0867865425672399 -0.4523243218831851 -1.874145925577317 0.992142379283905 -0.0006440362012235 -0.4622880687058291 -1.5978578028513706 0.9867424368858336 -0.0965637414729922 -0.4838862283631392 -1.4452365211056084 0.9865047335624696 -0.0428141607176768 -0.3945845152615477 -1.747826522573271 0.9940770268440248 -0.0737972103890562 -0.3994027151701946 -1.7040791872585044 0.993524432182312 0.0812118556920764 -0.3547786118962481 -1.2672421125867974 0.9996756315231324 -0.1703421013146751 -0.4402407585062944 -0.8121075366007613 0.9998287558555604 -0.0995605434927348 -0.1269125427273613 -1.2617610984316587 0.9336147904396056 -0.2373715301840407 -0.2106881453643285 -0.4099213568556175 0.938171923160553 -0.3103874578865739 0.0179012773089607 -1.524386344421348 0.9444178938865662 -0.3646736992251896 -0.0043229380274629 -0.520664951326583 0.9527696371078492 -0.3597251405312449 0.0590807330588353 -1.6540871006115545 0.922295331954956 -0.4176752757603066 0.0415527690899736 -0.5622170678976091 0.9236350059509276 -0.3787583932099797 0.0449947340361501 -1.716187328849086 0.924129605293274 -0.4202266973472994 0.0374162339751918 -0.7092651128103135 0.9281525015830994 -0.3550714478994837 0.0290986474529846 -1.5478848567602153 0.8867130279541016 -0.3948735086532033 0.0244605427738591 -0.577994903547059 0.9141318798065186 0.0912009057494639 0.0065081514806743 -0.0615404077629748 0.9996546506881714 -0.0912009057494639 -0.0065081514806743 0.0617085310823616 0.999795138835907 0.1565340028615373 0.3453937218821788 -0.6045721090335852 0.942055344581604 -0.2015876811092821 0.2968989487135209 -0.8308681813636343 0.984097182750702 0.1246643974467647 0.6911661222602477 -0.2617789651657806 0.9702547788619996 -0.219304150551878 0.6605792240921312 -0.4112386476064933 0.9846983551979064 0.0818839502080442 0.7507109412949956 -0.2590248276924182 0.8975273966789246 -0.1905763513674128 0.7159750376499887 -0.3975510114012823 0.9104703664779664 0.2220263145968108 0.8072740387478997 -0.7440719960163918 0.9630007147789 -0.3046731319566365 0.7934838483147667 -0.8736555163023566 0.9755924940109252
P5/rorymcilroy_frame209.jpg,4,4,0.9994847774505615,-0.3051757769815029 -0.4093735883941214 -1.70980886074044 0.9864559173583984 -0.2936832544410523 -0.4381311982733534 -1.7796705327432496 0.9802610874176024 -0.2794384603673761 -0.440605225850507 -1.7794187169765536 0.9774328470230104 -0.264991839696531 -0.4433188523898336 -1.7795881316433555 0.9765719175338744 -0.323480289994894 -0.4395213584329134 -1.6590368184335225 0.9814540147781372 -0.329153624421794 -0.4423564050498451 -1.659385496007507 0.9787958264350892 -0.3353338315751228 -0.4450683486620181 -1.6598666885121838 0.9819245934486388 -0.1784734273556712 -0.4613278558611688 -1.7213195838264044 0.9679147005081176 -0.2773822973694132 -0.4611267772316239 -1.16365461996483 0.9693247675895692 -0.239013178862442 -0.3899282377624536 -1.64116924317373 0.9710817337036132 -0.2778760806624247 -0.3922346582612295 -1.486582909853323 0.976089596748352 0.087809529120895 -0.3713712856760132 -1.6345786511174492 0.9933176040649414 -0.2600526354924395 -0.3864845948222496 -0.5034019384969266 0.9987000226974488 -0.3884133540016167 -0.3030743619422972 -2.0023289008651357 0.9235588908195496 -0.5455395360500762 -0.3530958810693169 -0.2748015909099081 0.7069135904312134 -0.7973376008457105 -0.3749059313437856 -2.0890420341107374 0.8921763300895691 -0.7866604253458913 -0.3817086345520633 -0.5747275389661983 0.677985668182373 -0.8481688572561829 -0.3869531965385914 -2.244939305353212 0.852812647819519 -0.8341747569977669 -0.4241572931407814 -0.6551338092074998 0.6122580766677856 -0.8221665731113073 -0.4059298207926468 -2.264628805083432 0.8514533042907715 -0.8065112367603211 -0.4281968792852877 -0.7455306206699263 0.6075721979141235 -0.8060344074001169 -0.396473827100033 -2.094414062246497 0.7973614931106567 -0.7877295204029139 -0.4106066130220377 -0.6321227722516697 0.5898352265357971 0.1687447371335288 0.0071343645188197 -0.1652815535391517 0.9984724521636964 -0.1687447371335288 -0.0071343645188197 0.1645489504169086 0.9992812275886536 0.1970989431409645 0.313890597089517 -1.075464499984666 0.9463417530059814 -0.3361517341718024 0.3076991704218305 -0.9067103509252038 0.9689874053001404 0.1903964052636473 0.6735266447311404 -0.6159154357942824 0.9527581334114076 -0.508384742980425 0.6819264458082431 -0.6483476859482173 0.9690166115760804 0.1667314576126667 0.71227236493672 -0.6093596242325106 0.7745959162712097 -0.4762026879966678 0.7319464066693799 -0.6627135884463219 0.837111234664917 0.2198854028177336 0.7477302687903975 -1.3282660880089654 0.9404099583625792 -0.6169878967056123 0.7869726394982133 -1.365869163007844 0.9542666077613832
P5/rob_2_frame55.jpg,4,4,0.6536544561386108,-0.0487224167977946 -0.4054236809067176 -1.1027796300227375 0.9750272035598756 -0.0332609960549934 -0.4297417278617397 -1.119985370942423 0.9621588587760924 -0.0248843221823516 -0.4294216624248945 -1.1198623754089474 0.9569967985153198 -0.0166750447204152 -0.4291418421181491 -1.1200485820435038 0.9542605876922609 -0.054551398956286 -0.4494229088217912 -1.082596478554103 0.9673265814781188 -0.0606257889189736 -0.4607608077019288 -1.082784143345547 0.9651206135749816 -0.0660943146948311 -0.4737170420038554 -1.0828458233818958 0.9690205454826356 0.0033644053869386 -0.4489161993033232 -0.9856431896453496 0.9374107122421264 -0.0626870394953947 -0.5132903992256055 -0.8177125831641548 0.9524582624435424 -0.0319066599377184 -0.3797387576851865 -1.032493697538588 0.9422786235809326 -0.0571072563490074 -0.3963406029298404 -0.9848733557165004 0.9572857618331908 0.0551941545123743 -0.3238301062978501 -0.8841690311220407 0.9874407649040222 -0.0689200769274616 -0.4760521344437824 -0.545263551117402 0.998532772064209 -0.0939921368091018 -0.347005541515688 -1.210020288681901 0.8969497680664062 -0.1797186383925584 -0.4961058015807912 -0.8527880367423301 0.7605818510055542 -0.2276996553208134 -0.4797259607222862 -1.3696773858902571 0.8445024490356445 -0.2385177941783383 -0.506409065241277 -1.3827767382907092 0.7070047855377197 -0.2495969431187574 -0.5221440362162066 -1.4642056140791135 0.8048319816589355 -0.2609746496819286 -0.5485855970467537 -1.4695639031942629 0.6456578373908997 -0.2404296565816168 -0.5411542462843932 -1.4454594033154409 0.8036655187606812 -0.2449656910278045 -0.5470949232604808 -1.4860062260754046 0.6462098956108093 -0.2340459186352085 -0.5289102487142529 -1.3670035636053226 0.7606561779975891 -0.2341401155701524 -0.533051924630168 -1.4083122733390978 0.630085825920105 0.0522985465648241 0.0070763624680552 -0.0387933708755701 0.9981836676597596 -0.0522985465648241 -0.0070763624680552 0.0384549736726026 0.9994319081306458 0.0462915234503472 0.3722558610768468 -0.122756769398733 0.9542121291160583 -0.1026744403654008 0.3426876473398969 -0.0691451388863343 0.9670882821083068 0.0492304386574615 0.7570974387904613 0.0206088968259142 0.9495537281036376 -0.1430220059866633 0.7374481914662498 0.1540407143240882 0.9611632227897644 0.0355962343106092 0.8147848957650756 0.0214217463829501 0.8775247931480408 -0.1251799983090396 0.8069860894670206 0.1576075483409587 0.8752925992012024 0.0964879910458952 0.8620450728359071 -0.2782205445969086 0.9461091160774232 -0.208964307825954 0.834214398846314 -0.1317045213029532 0.95311838388443
P7/jess_2_frame751.jpg,6,6,0.939456045627594,-0.0962615550148094 -0.4670480457648406 -1.1843858484937049 0.99149751663208 -0.0889552416034431 -0.5096723749185439 -1.1678141422405297 0.993475377559662 -0.0791940625372504 -0.5168213854069924 -1.1676980764982012 0.9936012029647828 -0.0695129763537227 -0.5244287678389551 -1.1677302891286314 0.9936209321022034 -0.1144495331333436 -0.4967253416346111 -1.1570933526740508 0.9927796721458436 -0.1221625780067564 -0.4951397783079891 -1.157402318176037 0.9921589493751526 -0.1283856947170422 -0.4940176632343461 -1.1576341989787444 0.9917105436325072 -0.051632083622558 -0.5465410151908786 -0.8949402604910727 0.9918484687805176 -0.1339474497757138 -0.5030083713306776 -0.8458675142255339 0.991313099861145 -0.0718670051946149 -0.4514276775076385 -1.0678547151274067 0.994046986103058 -0.1023467339827279 -0.4380054139191296 -1.05346657398989 0.9936032295227052 0.0542529633980255 -0.4594098921236537 -0.5309558364122495 0.9979491829872132 -0.1639023132333739 -0.3330401189689612 -0.6454019226687963 0.995977818965912 0.0722622052870133 -0.188360222916146 -0.3188335028976721 0.9208923578262328 -0.078728483487706 -0.091802173826307 -0.5504271180975521 0.9360666871070862 0.0718191249423802 0.0725355112817721 -0.421388678920888 0.872306227684021 0.0047194637104581 0.0568943364228135 -0.7410817075507585 0.8924537897109985 0.0743857320759168 0.15240303087467 -0.4633878072941019 0.8241102695465088 0.0188982854206659 0.1204691587716318 -0.8144387662494749 0.829286515712738 0.0540195785036248 0.1495921341819567 -0.541423875903777 0.8271501064300537 0.0171593047413337 0.1007966421518715 -0.875701235631401 0.8320838809013367 0.0520256542822886 0.1204724176369671 -0.4519868235945998 0.7903387546539307 0.022078937987967 0.0737881689802907 -0.7651593953875775 0.8039796948432922 0.0642935274962372 -0.0021699656199322 0.0266238761422387 0.9953935146331788 -0.0642935274962372 0.0021699656199322 -0.0267843380494028 0.9953202605247498 0.0811013761452509 0.3329211077137337 -0.1953408691406826 0.8629826307296753 -0.1258079322367808 0.3228782874779821 -0.192796306351025 0.8969062566757202 0.007495766294227 0.6668683193146919 0.1799994002192235 0.8356437087059021 -0.2512517489428236 0.5935583888223638 0.1663003524239151 0.8850570917129517 -0.0244408633102487 0.710481212733776 0.2019493310092517 0.7133045196533203 -0.2492279935695716 0.613745430142186 0.1921666402983214 0.7368720769882202 0.0732258266984812 0.782921903568387 -0.0646184896400857 0.8431874513626099 -0.3100017584921698 0.7372220829249349 -0.0492468135437874 0.8778936862945557
P8/rob_1_frame690.jpg,7,7,0.8167038559913635,-0.0474202121219098 -0.4634834772751114 -0.6450925095325072 0.991759955883026 -0.0434729362211538 -0.4888476010303096 -0.6272996169717883 0.9852469563484192 -0.0383112403971189 -0.4927291712294063 -0.6272754570087824 0.9854586124420166 -0.0329713795298482 -0.4974866086124813 -0.6272670382210251 0.9843763709068298 -0.0568478447526026 -0.4821781198975182 -0.6277187942877972 0.9867729544639589 -0.0611599086847401 -0.4810683278853441 -0.6278085816381576 0.9870343208312988 -0.0655884259879949 -0.4806382257238269 -0.6279504871583086 0.984632968902588 -0.0229960949662548 -0.4952655366163433 -0.419386532673956 0.9770399332046508 -0.0727958480799017 -0.4721791844138997 -0.415145421501894 0.9792423844337464 -0.0353407005048194 -0.4495345248900718 -0.5573912173068792 0.9835747480392456 -0.0526957769450062 -0.442099051542823 -0.5570050103131571 0.9774993062019348 0.0249980435377888 -0.4350487279461827 -0.1742429258055518 0.9992030262947084 -0.0790735227461835 -0.3631215812913774 -0.3053334166820128 0.9981039762496948 0.056577033886884 -0.2351376818330894 -0.0645306297795102 0.7540481686592102 -0.0209780919622534 -0.163973316506248 -0.3066957527483298 0.8546726107597351 0.1059369738652285 -0.0615425915347499 -0.3827023502716807 0.7248665690422058 0.1006924215068009 -0.05946005754366 -0.4141004737340272 0.813401460647583 0.1364245760637586 -0.0110900103769648 -0.4454443645403558 0.6917421817779541 0.1381907202637834 -0.0169977282677536 -0.4721984497328606 0.7685598731040955 0.1419814458694059 -0.0076244457645358 -0.5120985307441204 0.6991265416145325 0.1468198602435604 -0.0158792433677557 -0.5012852831200328 0.7680866718292236 0.1238718894175554 -0.0257495084487207 -0.4171857832398926 0.6863261461257935 0.1329698188253809 -0.029727091985403 -0.4243972385184924 0.7406390309333801 0.0395570643565901 -0.0002345513426336 0.0282522011319505 0.9997286796569824 -0.0395570643565901 0.0002345513426336 -0.0281624260182002 0.9996272921562196 0.0341514194733553 0.2755044769433225 -0.1064283667594765 0.8904415965080261 -0.0717339844222156 0.292827601147184 -0.0959704409251875 0.9432834982872008 0.0150536931245594 0.5875515831831406 0.046126185707884 0.903160572052002 -0.135073497678745 0.5948623801572765 0.0892086663842847 0.9442203640937804 -0.0085937810711963 0.6438517368456903 0.0505616240378183 0.848994791507721 -0.1293563184913376 0.6386261365490047 0.0954324314410555 0.8717488646507263 0.0350024610227376 0.6940651461168634 -0.1860604564947808 0.8921568989753723 -0.1602318114411414 0.7016137053201266 -0.1381681951118886 0.929181694984436
P10/rob_1_frame732.jpg,9,9,0.9995930790901184,-0.0038030646026426 -0.4903113990973813 -0.0945574236987988 0.9741978645324708 -0.0079782587296757 -0.5126274944691663 -0.0623456295390911 0.969281017780304 -0.00832751339529 -0.5134226436532017 -0.0624109403818645 0.9694417119026184 -0.0084983955666283 -0.5139971220487233 -0.0624834248611282 0.9665912389755248 -0.0087061418763471 -0.5121333534588806 -0.1012305579117663 0.9709280133247375 -0.0108255360950804 -0.5123917696002382 -0.1013219196571106 0.9722769856452942 -0.0118910712502664 -0.512507061825851 -0.1014266281298467 0.9650789499282836 -0.0170063743405448 -0.5029589562471066 0.093762375487254 0.9662683606147766 -0.0178604180245428 -0.500560731085283 -0.0778656796389152 0.9616901278495787 -0.0018842201088447 -0.4709684478901734 -0.029038125513318 0.9623262882232666 -0.0052642650518424 -0.470420259059473 -0.0786706874097585 0.9520316123962402 -0.0194930881213897 -0.3958227376646706 0.292437408445197 0.9960190653800964 -0.0131904219763766 -0.403509351124269 -0.2181610897222611 0.9954591393470764 -0.02914209275618 -0.2624542332010829 0.5220150354292468 0.2371547669172287 0.0240380251503084 -0.5028827311960327 -0.3994386543456736 0.9247570633888244 -0.0235802342366331 -0.1708166677297845 0.6467362190819113 0.3828463852405548 0.0321796390111152 -0.6037480073541337 -0.3955610904036142 0.8808546662330627 -0.0223874370260415 -0.1410244222860484 0.6747426834158051 0.3831329345703125 0.0315606592851978 -0.6484092047404534 -0.4255379869946773 0.8594611883163452 -0.0206963864710021 -0.1445265154322107 0.6404209956307964 0.396403431892395 0.023051799296818 -0.6407358094978041 -0.4184188389321635 0.855850338935852 -0.0202634164313759 -0.1532609663231909 0.6323683109962426 0.4018376469612121 0.0226187558226532 -0.6124408208617238 -0.3916999023636642 0.8324673771858215 0.0154966336613258 0.0023927910059667 0.1688153011732271 0.9996257424354552 -0.0154966336613258 -0.0023927910059667 -0.1691921672253576 0.999527096748352 0.0236153359460872 0.2651089652062605 0.0954491851976888 0.8070159554481506 -0.0188767520388621 0.2799565476981094 -0.2864581847254779 0.9778953790664672 0.003126952805689 0.5600488024235644 0.156131100188737 0.930181920528412 -0.1610369128990046 0.5222912594462166 -0.2628997605468109 0.9871813058853148 -0.0136118627934415 0.616673147059793 0.1507948692890598 0.9029340744018556 -0.1820463875253573 0.5305187182826547 -0.2586396026586097 0.9529646635055542 0.0376900199190987 0.6564062259947432 0.0462590044359628 0.9249390363693236 -0.1646095766367682 0.6824612408996976 -0.3794436778701751 0.9723164439201356
P4/nick_1_frame66.jpg,3,3,0.9988993406295776,-0.0445299131146161 -0.4633314279626983 -0.3728682736356254 0.9940999746322632 -0.0371977692732527 -0.4911892727345997 -0.3703181266560191 0.9917990565299988 -0.0306058323163855 -0.4932051633930656 -0.3704086114550913 0.9907740950584412 -0.0236999651843202 -0.4955029510889287 -0.3706427164613238 0.9918410181999208 -0.0514185295475778 -0.4913225859202831 -0.328734638373061 0.9885636568069458 -0.0555967790644465 -0.4930590478017581 -0.3287197474394007 0.983483910560608 -0.0598262924512932 -0.4952636925719575 -0.3287906760214072 0.9852965474128724 0.0001511877308238 -0.5000717282248146 -0.2435913446864026 0.9857844710350036 -0.0536612831735016 -0.5031900904489542 -0.0500795762578901 0.9781065583229064 -0.0307934743547492 -0.4440846114075359 -0.3171402427897909 0.984734058380127 -0.0491265734559714 -0.4423339909334003 -0.2624480947261403 0.9817534685134888 0.0396738413169279 -0.3972722626343093 -0.1829215310221761 0.9951763153076172 -0.0474344860143292 -0.4026900942262373 0.1811884053608107 0.9975142478942872 -0.107545848980685 -0.4520021126975734 -0.1254752790105068 0.9300659894943236 -0.1401442455385094 -0.4719318236730715 0.4867725784129817 0.6597499251365662 -0.1407299013483315 -0.5083800012475358 0.3252031273301362 0.7982589602470398 -0.1338159513415288 -0.5101229185793043 0.7811535887181588 0.4947875142097473 -0.1456788990817575 -0.5171963019341124 0.3462171640887603 0.704118549823761 -0.1050762866347847 -0.5093057073948781 0.807040920849834 0.4115622639656067 -0.133191128850094 -0.5123650212354506 0.3333649864004018 0.6976802349090576 -0.1003666830370335 -0.5075891272153575 0.8070115729623651 0.4062482714653015 -0.1294092656802399 -0.5057296049221948 0.327078761125292 0.6484764814376831 -0.0880679110307702 -0.4838180435828457 0.7798372735805771 0.4072039425373077 0.0523995410022668 0.0066643573446137 -0.0848766537534212 0.9992370009422302 -0.0523995410022668 -0.0066643573446137 0.0848008293362131 0.999621033668518 0.0909562639335273 0.2876472704317783 -0.0585600952056436 0.9809119701385498 -0.1502015658584039 0.2348855189958155 -0.09225736265256 0.9947983026504515 0.1416701729444454 0.5193840486138377 0.2942101578623246 0.9875680804252625 -0.195428070882424 0.4980882233127792 0.1634085898848504 0.9934975504875184 0.1272504329081318 0.5541294519928123 0.318815323645996 0.9262508749961852 -0.1716064285971932 0.5368867815163801 0.1786415267919622 0.9424289464950562 0.1908200185699624 0.6069602062251899 0.0966543719193439 0.9785604476928712 -0.2492426574385264 0.5799551589855512 -0.0219327009047797 0.9869583249092102
P4/rob_1_frame630.jpg,3,3,0.9994412064552307,-0.0377830233480762 -0.4839195000608828 -0.1510556636490094 0.9907299280166626 -0.0284135043960553 -0.5000646710069913 -0.1534004541157333 0.9872692227363586 -0.0248076713795278 -0.4993021092987123 -0.1534712909684017 0.9835975170135498 -0.0214539427294804 -0.4985830564223473 -0.1535243270002116 0.9831677079200744 -0.0348400057283654 -0.502036839957133 -0.1234959815076057 0.9891492128372192 -0.035948400935705 -0.5025086484961148 -0.12354099463424 0.9867146611213684 -0.0373892067045998 -0.503010774359462 -0.1236927162568761 0.9891030788421632 -0.0124390516148857 -0.4868940692980631 -0.10237179753809 0.9826857447624208 -0.0326409582770554 -0.4926563666538146 0.0400110140083822 0.9856123924255372 -0.0301211489053585 -0.4643562629366839 -0.1281178402498895 0.9740023016929626 -0.0388836270801972 -0.4654923525955431 -0.0899753193923753 0.979217529296875 0.0153829949544245 -0.3989340998286377 -0.1326659981937872 0.987762212753296 -0.0489161928589917 -0.4003627940964501 0.1715530870804243 0.9962937235832214 -0.0996066820548996 -0.4887027715552516 -0.2212606932489997 0.8621247410774231 -0.1128286612142794 -0.5193423235642657 0.247730263149666 0.6599473357200623 -0.1314193525158912 -0.5821055107531456 -0.1913651885517054 0.7544783353805542 -0.1353180987146479 -0.5978047161721363 0.2124555162470966 0.5223377346992493 -0.1399709208565938 -0.619102675110606 -0.238770124505729 0.6601475477218628 -0.1340490911171579 -0.6208767400175652 0.197206191378663 0.4504764080047607 -0.1315826649222065 -0.6271164773745851 -0.2443562650925523 0.6552813053131104 -0.1276999645338011 -0.6220908987152487 0.1671115026317201 0.4483205080032348 -0.1289840922218144 -0.6202250332586839 -0.1951630312892148 0.6192969679832458 -0.1261219208004118 -0.6161073543206157 0.1937795044346748 0.4539407789707184 0.0270620305905582 -0.0017601791095397 -0.0808140777587297 0.998996376991272 -0.0270620305905582 0.0017601791095397 0.0809001697027296 0.99945330619812 0.0211115806797746 0.2831611095582245 -0.1077269420990936 0.970594048500061 -0.042989117373864 0.2692575691755119 0.0655558235511222 0.9740991592407228 0.0484613558501893 0.576876273731659 0.0253986157210558 0.9779021143913268 -0.0797061743400487 0.5768633136540675 0.2220892317808503 0.9801028966903688 0.0309753568766051 0.6353791439856463 0.0286240598530697 0.9145227670669556 -0.0618918534008161 0.6335664302758701 0.2264984546072355 0.919711709022522 0.075661472981751 0.6693083185466219 -0.1380872063645963 0.9665750861167908 -0.117044235024154 0.6556301909420167 0.0665309729607254 0.9711865782737732
P10/rob_1_frame711.jpg,9,9,0.9985566735267639,-0.0139906353674066 -0.3562831335325209 0.5603780785309879 0.9714595675468444 -0.0243839536650281 -0.3805186811479492 0.5885031980639491 0.9631665349006652 -0.0270086773207598 -0.3798628589065843 0.5884520977722046 0.9645516872406006 -0.0297941706804935 -0.3789927614534287 0.5882436457150471 0.9589672088623048 -0.0189244508190444 -0.3787831278866354 0.5487418120965987 0.9645800590515136 -0.0175966027755962 -0.3773631220916018 0.5488618619149415 0.9673336744308472 -0.0164401580228715 -0.3755508550975121 0.5484953829440076 0.9578436613082886 -0.0372567543267342 -0.3559806670657789 0.639927054661538 0.9616763591766356 -0.0204035320958636 -0.3523200126401651 0.4592272241565545 0.9581396579742432 -0.0147505992438049 -0.338098940697022 0.574305081165157 0.9586015343666076 -0.0094325399799249 -0.3347379677511517 0.5215252734734991 0.9485841989517212 -0.0255697673715547 -0.296174927931821 0.6422551772019335 0.9972051978111268 -0.0032082628254547 -0.2689733691630314 0.206026523367377 0.9960322380065918 0.0492099185241302 -0.2806891343171949 0.6650764577834158 0.2712812721729278 0.0838789557647941 -0.2454131386979572 0.1384782566478672 0.9087884426116944 0.1735168848714519 -0.3798518877456813 0.6260253700909912 0.4449918568134308 0.1671389270707938 -0.3494253984262189 0.1931301136113431 0.8720884919166565 0.1905441265929536 -0.4085118513726651 0.6118983125574327 0.446929782629013 0.1922299720560222 -0.3965139585962029 0.1953802354173953 0.8543009161949158 0.1930863977548218 -0.4051737490776003 0.6063118396223828 0.4626816511154175 0.185353585976185 -0.3957256384885476 0.1885750985882688 0.851741373538971 0.1886648511238101 -0.3966480599398561 0.6130566139681564 0.4683409929275512 0.1734601724089378 -0.3771266513773688 0.1886054169694565 0.8302130699157715 0.0048809428954396 -0.0094460851439629 0.1556130895905708 0.9998618364334106 -0.0048809428954396 0.0094460851439629 -0.1562418953482121 0.9997349977493286 0.0296361015699445 0.3909744506691725 0.0883219119833564 0.8294850587844849 -0.0074016093096834 0.4634236088084179 -0.3352550259054797 0.975299835205078 0.0002050341185685 0.8297145509231368 0.0780285578402707 0.9440268874168396 -0.1649855413661654 0.8186514010556128 -0.391204718457818 0.9861572980880736 -0.0193419456881774 0.8791160005985704 0.0728512881085174 0.9231469631195068 -0.1819304993808944 0.8596244673511574 -0.3882278627338718 0.9499714374542236 0.0235965618863722 0.9362350712144673 -0.0260905309299858 0.9341594576835632 -0.1675830059067303 0.9858579695530512 -0.5143698823325433 0.9677786231040956
P5/rorymcilroy_frame214.jpg,4,4,0.9894750118255615,-0.2935018965231349 -0.3960757798183459 -1.9503203109337248 0.9886378645896912 -0.285697892262154 -0.4238530349728142 -2.0502409744513543 0.9828670620918274 -0.2720479988956141 -0.4265509544414631 -2.0497697957405943 0.9802285432815552 -0.2576691097477037 -0.4295857703522147 -2.049924901225992 0.9792674779891968 -0.3148124131743902 -0.4252632735869012 -1.917877617121819 0.9829861521720886 -0.3207911800501168 -0.4284535003088094 -1.9184781318239463 0.9803889989852904 -0.3276448884198523 -0.4315399773379259 -1.9191536345324 0.9842888116836548 -0.1841632767842612 -0.4472423315193128 -2.004530288731837 0.9742262363433838 -0.2924790552316325 -0.4489644909284443 -1.405821405271372 0.9722347855567932 -0.2271695090638939 -0.378771442446435 -1.8870195639973453 0.9779853224754332 -0.2660766819683987 -0.3796275758737105 -1.7151614648733449 0.9808809757232666 0.1038567400027861 -0.3619735183778334 -1.7030843655548011 0.994928538799286 -0.2954158005087032 -0.3771758100316912 -0.8149934681630694 0.9990807175636292 -0.285575761958691 -0.177964247906239 -1.7624788968652207 0.9343164563179016 -0.4789599987847106 -0.2361022415894797 -0.9676445619175092 0.6395238637924194 -0.6703865479113704 -0.1812156619101822 -1.7579890205190112 0.90548175573349 -0.7449328699951658 -0.1865959902989403 -1.9338103701206888 0.685676634311676 -0.7602340871948287 -0.1818092151850123 -1.868406783619284 0.8708518147468567 -0.8315009663700361 -0.1890655871652652 -2.1048378610508376 0.6376374959945679 -0.7592922793596739 -0.2094005880176099 -1.9247424393491692 0.86966872215271 -0.8123423856657985 -0.1987290252964699 -2.222966687251156 0.6374448537826538 -0.7306294573747956 -0.2074870504229519 -1.7653228231116596 0.8105785250663757 -0.7745845810471839 -0.1964181978246469 -2.0139357876621284 0.6181039214134216 0.168468922137751 0.0018840431263716 -0.1223940362201635 0.998679518699646 -0.168468922137751 -0.0018840431263716 0.1214244590072589 0.999435007572174 0.2077788807830767 0.3308306573856841 -0.8445369107010676 0.9559706449508668 -0.3142149517298492 0.3154207442159393 -0.791701936924493 0.9753013253211976 0.183576562806425 0.6726432105936077 -0.2804099249153898 0.9638761878013612 -0.5207571410600599 0.6710375634939798 -0.4418733917813526 0.9776592254638672 0.1561202050243058 0.7149708869072 -0.2642552306225518 0.7809853553771973 -0.4949926543718132 0.7173598777732394 -0.4465518067835331 0.866931140422821 0.207842266410574 0.7999680822537778 -0.9817330862689364 0.9507063627243042 -0.6253127717244129 0.7803742291479981 -1.150234434002257 0.9648653268814088
P2/Charlie Wi_frame280.jpg,1,1,0.9924633502960205,-0.0284733478408876 -0.4560449576143081 -1.1370887809280783 0.9932388663291932 -0.0138637947931853 -0.493252647178966 -1.1363811881397352 0.9910821914672852 -0.0042622428592742 -0.4941076401152324 -1.1363153085626194 0.9883373975753784 0.005584951961738 -0.4950473971463436 -1.1362962798882663 0.9909509420394896 -0.0370606137691384 -0.4984438713617161 -1.1080815129914738 0.992428183555603 -0.0431598805257449 -0.5026228998098523 -1.1082930628370262 0.9917103052139282 -0.0495961133906843 -0.5067500318733896 -1.1084315973525805 0.9918777942657472 0.0234632564560499 -0.5005616763232218 -0.9037070633930354 0.983453333377838 -0.052262866775947 -0.5179897076028265 -0.783002127394259 0.990443229675293 -0.0085128450711697 -0.4338886611495624 -1.0317776100109428 0.986736536026001 -0.0375510346035977 -0.4392197172574816 -0.997173028682102 0.984672784805298 0.0811989934186638 -0.3534661313463031 -0.681222217135829 0.9984148740768432 -0.1045868919995775 -0.4461919244500283 -0.4007605319625596 0.9989359378814696 -0.0637674303017739 -0.1655091030157183 -0.6465930571026156 0.461081713438034 -0.1533157231018092 -0.2302316790682033 -0.109372558550392 0.9552727937698364 -0.1948710322862377 -0.0163307110585863 -0.831375972810172 0.6274710297584534 -0.2307898895550449 -0.0371795069446882 -0.2472867411226596 0.9494375586509703 -0.2264206464416914 0.0270927238147777 -0.9206693966991772 0.6337755918502808 -0.2601758569425973 0.0057640305277601 -0.2940023528940147 0.9331093430519104 -0.23859193435299 0.0193992289546186 -0.9703587433863596 0.6458055973052979 -0.2579285272545303 0.0107992772434658 -0.3830654144980505 0.9323503375053406 -0.2274548260614479 0.0072344280913949 -0.8503110174358784 0.6394549012184143 -0.2436795099231662 0.0006487768857978 -0.2850512536666542 0.908835768699646 0.0670043231345048 0.0072096331520865 0.0006788372724937 0.9997208714485168 -0.0670043231345048 -0.0072096331520865 -0.0009539398467655 0.999604880809784 0.1200829362058653 0.3076559673295745 -0.0766491761143155 0.7849189639091492 -0.1037541712617014 0.2826298007965112 -0.4130344593900648 0.9802687168121338 0.1242729926357288 0.5787717623413943 0.3794804554969475 0.9203619956970216 -0.1353970547528093 0.5868257929178916 -0.0579060850431019 0.9859663844108582 0.1018843156932793 0.6152030243298034 0.4166426996859254 0.8645126223564148 -0.1310055394410655 0.6208241235649808 -0.0372938681963745 0.9287509918212892 0.1763396262074114 0.7102733086860947 0.1126869355684615 0.9165006279945374 -0.1600542524070371 0.7075807512651565 -0.3789867550992947 0.9785464406013488
P7/rory_frame226.jpg,6,6,0.9711130857467651,-0.2471243070228462 -0.3358217453645218 -1.6488677877599518 0.9983614087104796 -0.2407457402360734 -0.3665726443968886 -1.6951589434125507 0.9979387521743774 -0.2283809316944395 -0.3734272433462519 -1.6947395734688169 0.9979097843170166 -0.2155191642075452 -0.3807785231440958 -1.6946760283546634 0.9978357553482056 -0.2752000540832311 -0.3560651747224383 -1.6631705832348722 0.9979905486106871 -0.2864213286668851 -0.3552807332311999 -1.6633947292392817 0.9980244040489196 -0.2974067771813835 -0.3545835446045813 -1.6636852013256411 0.9979928731918336 -0.1893799440723534 -0.411076611094974 -1.4644796113583798 0.9964003562927246 -0.3048095048834654 -0.3647656410468242 -1.3224650412742738 0.997287929058075 -0.2069545481600255 -0.3392397633591821 -1.5155388753467147 0.99794340133667 -0.2524828148218099 -0.3226515685489797 -1.4747259481567252 0.9977418184280396 0.0581076963931243 -0.446525955219771 -1.0375498847660511 0.9992964267730712 -0.380981394744861 -0.2854252555263221 -0.8745086952682989 0.9991829991340636 0.0860516951041433 -0.1734764930578796 -0.7562152938202028 0.8847174644470215 -0.1678810468026419 -0.0987882495159936 -0.5579755339687158 0.9079627990722656 0.065845322142117 0.0784351805026944 -0.8599268296749853 0.8425379395484924 0.0119846502438326 0.0917200027156531 -0.6183610515598764 0.8690779209136963 0.0939182187105105 0.1446886791931639 -0.9217465618830702 0.7991861701011658 0.0386898668498365 0.1612076279052299 -0.6685510545391754 0.8215707540512085 0.0743320015671359 0.1486530878356699 -1.0293200972412473 0.805774450302124 0.0735684868585672 0.1566568522028015 -0.774389752661611 0.8262315392494202 0.0636348698889545 0.1208581489985511 -0.8898741680625118 0.7895674109458923 0.0678869696500233 0.1319205607968217 -0.6516836505621899 0.8105685710906982 0.1174165623018142 -0.0138587444419911 -0.0508025632796559 0.9992443323135376 -0.1174165623018142 0.0138587444419911 0.049632805664406 0.999250829219818 0.2154346923107222 0.3502142965750788 -0.2365062938784793 0.9072121381759644 -0.2075020511949898 0.3606778269583421 -0.0236348478301281 0.92220139503479 0.2482750019729026 0.6424281030655938 -0.0005335401459941 0.9144439101219176 -0.4309058848237753 0.6283949224185582 0.336848270102458 0.9329346418380736 0.2285489021493568 0.6906190768684701 0.0001779666796465 0.782612144947052 -0.4397483195541798 0.6697900452167752 0.3524922568215049 0.7700148224830627 0.3318607434075667 0.7334767106309422 -0.5096111668237189 0.9106431603431702 -0.4844699665065476 0.7369950520388665 -0.0763268158392418 0.9235172867774964
P9/rob_1_frame701.jpg,8,8,0.9952329993247986,-0.0423768841109145 -0.4877022549719902 0.0053265209364424 0.9844968318939208 -0.0436711025994702 -0.509123522591701 0.0260152416402586 0.9818708300590516 -0.0413298726102893 -0.5101402727993034 0.0260060453868083 0.9805436730384828 -0.0388743952757107 -0.5109557196228844 0.0260396210771874 0.9802690744400024 -0.0520599862138417 -0.5064543888331956 0.012374357350886 0.984642505645752 -0.055914865613449 -0.506056606329258 0.012385956599525 0.9844011068344116 -0.0603507033631658 -0.5059152407719968 0.0122436271031292 0.9799831509590148 -0.0339565696849492 -0.4982037276949258 0.1646181447731526 0.973026156425476 -0.0668037413630052 -0.4902558256767056 0.1004292550606067 0.9762245416641236 -0.0352010836342403 -0.4699591232578549 0.0600105333541423 0.9780208468437196 -0.0451803663152556 -0.467095410847111 0.0417865878859652 0.9701426029205322 0.0100942244280644 -0.3848928011979446 0.2523395480949894 0.99819678068161 -0.0620114928287974 -0.4134207946037341 -0.0138372617616786 0.9987758994102478 0.0729899829388511 -0.2903836400065227 0.0786582008826856 0.6528776288032532 0.0329735162311717 -0.3684809470920813 -0.2158650597480104 0.8774411678314209 0.1568758952861394 -0.2877677924379053 -0.2863404132958126 0.7745656967163086 0.1677437927963295 -0.2974718727801985 -0.2474604262594347 0.8257322907447815 0.1862496699034434 -0.3044686638206098 -0.3552323848883967 0.7512035369873047 0.1936440972579708 -0.3066990088302843 -0.298686947754212 0.7808128595352173 0.1889840043222782 -0.3118327567872037 -0.3763220574457935 0.7638974189758301 0.1923495863897725 -0.3178561429020476 -0.2805195183572888 0.778118908405304 0.1812198629095154 -0.3018464569947629 -0.309083766838777 0.752953827381134 0.1844962691859763 -0.3105071074870544 -0.2360613480333102 0.7445652484893799 0.0352741054500128 -0.0007972461908209 0.0734267478723424 0.9995761513710022 -0.0352741054500128 0.0007972461908209 -0.0734417277606006 0.9994158744812012 0.0286647174362222 0.2499472430369687 -0.0850814527064216 0.94429212808609 -0.0530412853897628 0.2753956747607669 -0.1484795834014697 0.9603877663612366 0.002735540484861 0.5599798914587789 0.025712873121138 0.967352032661438 -0.1367448259348967 0.5437333780408808 -0.0271198473620702 0.970189094543457 -0.0175004931581226 0.6035779356950213 0.0296471724254185 0.9438965916633606 -0.1431825140034926 0.5738702635257167 -0.0188912094919677 0.9111501574516296 0.0244990384763902 0.6477405650213802 -0.1138296353937801 0.9639925956726074 -0.1531384794079999 0.6544651506144075 -0.1666864018183873 0.9636021852493286
P3/jess_2_frame631.jpg,2,2,0.8192485570907593,-0.0366283996410553 -0.4698217058488459 -0.6697446385930051 0.9939060807228088 -0.0211990004616407 -0.4998813619830901 -0.6688561152472546 0.9901939630508424 -0.0129642284684588 -0.4990948998451179 -0.6688547123440549 0.9890769720077516 -0.0048620308276489 -0.4985291791298376 -0.668952322032065 0.9891830682754515 -0.04127368192435 -0.5068116498318094 -0.6212199435653575 0.9884096384048462 -0.0466204158074964 -0.5105179851908873 -0.6214577896155226 0.98409765958786 -0.0515452535322397 -0.5141214769538639 -0.621617181002135 0.985014259815216 0.0153099905339936 -0.4940119117635158 -0.5155434002834862 0.9822233319282532 -0.0451053882674475 -0.517580199898194 -0.3710664664394343 0.9749191999435424 -0.0208435803317774 -0.4444096791628651 -0.6057650762970868 0.9879385232925416 -0.0445862061679265 -0.4531722665060278 -0.5480182891705583 0.9877314567565918 0.0561070091173367 -0.3801823965365684 -0.5063543843254292 0.9969143271446228 -0.0662006278501256 -0.4197539252171553 -0.119199208160535 0.9987722635269164 -0.0999049995182915 -0.3108846440418361 -0.6220222962799571 0.9647339582443236 -0.1186444948395908 -0.3722574503192594 0.1374575751316053 0.7763712406158447 -0.2406943753230155 -0.3575723992029183 -0.6868665325672311 0.9537393450737 -0.1279733694550952 -0.3867484691315185 0.2904777712887816 0.781312108039856 -0.2773834235485503 -0.3612115840607642 -0.7524783727360044 0.9162105321884156 -0.1279896107575226 -0.387562800481131 0.3072190738122726 0.7388613820075989 -0.2763394477367095 -0.3833396301875008 -0.752956870642734 0.9152349829673768 -0.128130926275985 -0.3872596654743643 0.2626564741885718 0.746705174446106 -0.2654414798501522 -0.3800806320967745 -0.6869071628022071 0.8633891344070435 -0.1261825635206739 -0.3823849545601027 0.2742174757104351 0.7393196225166321 0.0547069117240328 0.0067647992289696 -0.0440275269475523 0.9987148642539978 -0.0547069117240328 -0.0067647992289696 0.0440803381593489 0.9992626309394836 0.0960406486968932 0.2542007719203443 -0.2756643005718522 0.9701724648475648 -0.1065019359836351 0.243362373461959 -0.1649952159963982 0.9908862113952636 0.1008843338673152 0.5228408710658202 0.0077308245455952 0.9818869233131408 -0.1271050263322942 0.5090318790398785 0.1590395411878574 0.9913349747657776 0.0808346888309391 0.5627168836985581 0.0230130015119456 0.9165236949920654 -0.1064182474119913 0.5448140043046203 0.1710758571053432 0.9174610376358032 0.1697749746450567 0.6227766804966899 -0.230545449829469 0.9740136861801147 -0.1906681422091622 0.6112824787502587 -0.0704433106387401 0.982783317565918
P1/nick_2_frame33.jpg,0,0,0.998077392578125,-0.0298144398461969 -0.4832475768722863 -2.065716530760238 0.9999386072158812 -0.017209446497414 -0.5266788287108474 -2.043671450719918 0.9998379945755004 -0.0039750307011143 -0.532338263000337 -2.0435680666123 0.9998199939727784 0.0097146134097387 -0.5388747709994041 -2.043842188911873 0.9998215436935424 -0.0501513291297104 -0.523840545244241 -2.0336221625122968 0.9998554587364196 -0.0615411547953549 -0.5271089830704238 -2.0340434931927023 0.9998480081558228 -0.0720675099234772 -0.5311144186993475 -2.034209819545072 0.999858558177948 0.0366808063849321 -0.5675566548586992 -1.636371596686467 0.999598264694214 -0.0803410326979754 -0.556338964467545 -1.591144652605989 0.9997848868370056 -0.0023937538630476 -0.4629390704234388 -1.89020105184092 0.9998759627342224 -0.0420641330470356 -0.4573341958834886 -1.8781964363290495 0.9998925924301147 0.1630029503751796 -0.4423370295808428 -1.106104655606145 0.9999083280563354 -0.1440604229926313 -0.3574386768871402 -1.1797901709322371 0.9999704360961914 0.114710513089447 -0.1161724496667286 -0.9965317664792244 0.9553295969963074 -0.0973778659716107 -0.0650345964403931 -1.0521738873302726 0.9801227450370787 0.0575436604776849 0.1553067903410906 -1.1752164168340542 0.8910916447639465 -0.0354804183644049 0.185354947389324 -1.296262294802804 0.942317545413971 0.0470683356274338 0.2482363087547335 -1.3118384415203734 0.8125489354133606 -0.0257889303471596 0.2620216897845898 -1.4104034967590853 0.880607545375824 0.030421729565127 0.2560654122216625 -1.3613151636121466 0.8161376118659973 -0.0058118265818353 0.2578994139373128 -1.4956437670206562 0.8817189931869507 0.0308904139904158 0.2300737946108837 -1.2022228310801346 0.7716800570487976 -0.00457459970077 0.2328850187946997 -1.329585654497918 0.8572812676429749 0.091294821551263 -0.0082442943372448 0.0330831855820175 0.9998710751533508 -0.091294821551263 0.0082442943372448 -0.033417472046103 0.9998939633369446 0.1628636833056005 0.3946482054810525 -0.1297654469166641 0.9837324023246764 -0.1541164024902903 0.4069166490001292 -0.2097790200127458 0.9904701709747314 0.1528614547202237 0.7868708918540425 0.3252654837719398 0.9878062605857848 -0.2249747374793994 0.7619432628899423 0.3114743305852926 0.9907951354980468 0.1182504261114514 0.8418591780785347 0.3473227331364497 0.9167453646659852 -0.2268750638501501 0.8132369275843021 0.3537214814444626 0.8935001492500305 0.2190244894305722 0.9288928611315704 -0.0942628774410075 0.9776138663291932 -0.2612661622555903 0.9111496188096528 -0.0898502933576788 0.9814041256904602
P6/rob_1_frame676.jpg,5,5,0.4562412202358246,-0.0360442478104241 -0.4129116866747223 -1.2357291781502937 0.981135368347168 -0.0255832755008473 -0.4552318373642192 -1.2396423711818163 0.980622172355652 -0.0189275473559939 -0.4592897079788788 -1.23957096459117 0.9807037711143494 -0.0126998858746488 -0.4641103986082355 -1.2397038032225942 0.980173647403717 -0.0469275071377911 -0.456132716335505 -1.2264085672289349 0.9794365763664246 -0.0540223951371279 -0.4602139851933137 -1.2266958715531795 0.9793000817298888 -0.060744402767555 -0.4644567112508603 -1.226905896420968 0.979747235774994 -0.0032650803403115 -0.4826341631347464 -1.0295337917506158 0.9765389561653136 -0.0721614403430162 -0.4779560060264055 -0.97020246575109 0.9767656922340392 -0.0231235701473346 -0.4016294453526219 -1.1362360262566125 0.977408528327942 -0.0476225561454387 -0.3983085727871122 -1.11941427417399 0.9770302772521972 0.0508503018388132 -0.421116173431842 -0.7757937812026015 0.9776686429977416 -0.1178393787545449 -0.3760741824894889 -0.585021379401674 0.977730393409729 0.0235447385240181 -0.1474851858746633 -0.7021194253727803 0.8902567625045776 -0.1134561700180115 -0.1181023992447645 -0.4102042489261151 0.8590525984764099 -0.0790112527198871 0.0816997667897721 -0.8574992810280456 0.861737072467804 -0.1165891108775907 0.1056646016594131 -0.620596636928102 0.8229968547821045 -0.0954036330577103 0.1522780036964439 -0.9375736622897404 0.8322597742080688 -0.1322406711424825 0.1733761342899073 -0.6730195151127456 0.7781661748886108 -0.1114141838977699 0.1441497709747662 -0.9873889880545986 0.8344789743423462 -0.1327869408829352 0.1728073052871356 -0.7628433197200453 0.7837168574333191 -0.1073126862799478 0.1227593021720776 -0.8752669373864999 0.7992430329322815 -0.1223475956347552 0.1507005332957715 -0.6574477978568466 0.765461802482605 0.0510280725546909 -0.0046104793213838 -0.0387798438531397 0.9715951085090636 -0.0510280725546909 0.0046104793213838 0.0390053461693657 0.9715769290924072 0.0516684013682011 0.3623030579250086 -0.1887062483717759 0.9357006549835204 -0.0983403456231507 0.3848597100814622 -0.0720118978363161 0.9431029558181764 0.0214330237747903 0.76430370568488 0.0344288018746805 0.9386125802993774 -0.1504522415801238 0.763414199564846 0.148320018410606 0.944279670715332 0.0051457024809075 0.8298627863858431 0.0350816571380838 0.8608736395835876 -0.1304775995381853 0.828337892117187 0.1449852210938198 0.8637778759002686 0.0503319981260287 0.886353602955107 -0.2662069627172099 0.9313696026802064 -0.206657058906434 0.88881666423194 -0.1442686732024022 0.9364590048789978
P2/nick_2_frame45.jpg,1,1,0.7972148060798645,-0.0432327178496691 -0.4882801534613173 -1.6357073197265648 0.999282956123352 -0.0269310616920602 -0.5289773585406239 -1.619799770409467 0.9985820651054382 -0.0148152530337948 -0.5329639488842491 -1.6198423978894625 0.9983837008476256 -0.0022549476435423 -0.5380041879116445 -1.6201803917046096 0.9985039234161376 -0.0587023487495939 -0.526343138156476 -1.5834810258872605 0.9985140562057496 -0.0692682406545154 -0.5284764198675321 -1.5838863816461035 0.9981430172920228 -0.0796372435970516 -0.530612398687662 -1.5840830732590443 0.9983623027801514 0.0197376744428701 -0.5524429968802039 -1.3052936967396944 0.9970270991325378 -0.0907724886491311 -0.5455449759661658 -1.1739027783311553 0.9970021843910216 -0.0209609120825472 -0.4646455182141638 -1.4954173886038429 0.9983770251274108 -0.0567766128709219 -0.4613029448908364 -1.460079865519303 0.9985880255699158 0.117737066855169 -0.4116056183986544 -0.9874183417884492 0.9995922446250916 -0.1547023281573032 -0.3875399061817345 -0.694759509447698 0.9998924732208252 0.0142520177194137 -0.1380105450396456 -0.8538892079327435 0.9665029048919678 -0.1589310004860863 -0.1194224640021089 -0.4313116840388429 0.913198947906494 -0.118129200201236 0.0849031517141438 -1.011490632320183 0.917769193649292 -0.1958400171965601 0.1160241065691582 -0.6797681220347565 0.8325678110122681 -0.1390162706999953 0.160233539710847 -1.1007975053203127 0.8540325164794922 -0.2098555116068338 0.1875323620925881 -0.7513198602191073 0.7602490782737732 -0.1618476937083505 0.153958616775998 -1.1675026042822465 0.8541752099990845 -0.2082000786838721 0.1835810315163663 -0.8503229719057376 0.7682584524154663 -0.1519460142502061 0.124809840702243 -1.035051985140308 0.782282292842865 -0.202166777252144 0.1646937687210856 -0.7258678997214175 0.74449622631073 0.0818238096581017 -0.0084920781597845 -0.0445149341931011 0.9996931552886964 -0.0818238096581017 0.0084920781597845 0.0441917621435195 0.9998264908790588 0.1370308695059596 0.3429542592158288 -0.2373879299476226 0.981642723083496 -0.1583062579281937 0.3475559219945699 -0.204876796268737 0.9923831820487976 0.130259283802648 0.6975612137270122 0.1687409124525743 0.9895238876342772 -0.2187834689061989 0.6727767548335066 0.2854245608649917 0.9925166964530944 0.1017808380084471 0.7498276352866827 0.1834527708232789 0.9329423904418944 -0.1931344878798277 0.7172981316636788 0.3140103647569581 0.9105278253555298 0.1739490300740249 0.7637464284691896 -0.2215025824430224 0.9823964834213256 -0.2708776044008888 0.7859842901318709 -0.0444666740310464 0.9845319986343384
P1/golfSwing_frame43.jpg,0,0,0.9988941550254822,-0.0930373575995161 -0.4283185862870827 -1.9281980889806896 0.9999234676361084 -0.0747459621161819 -0.4625846396482777 -1.9589598327155515 0.9997674822807312 -0.0558023741861722 -0.4678488737513147 -1.9587470281378805 0.9997771382331848 -0.0378867548437687 -0.4738081674101983 -1.9587660121433703 0.9997755885124208 -0.1274813860121807 -0.4570488117892776 -1.92845299518344 0.999767005443573 -0.1445718900514485 -0.4579955625146864 -1.9287601074012872 0.9997659921646118 -0.160373242330803 -0.4592913739862032 -1.928833900067789 0.9997512102127076 -0.0040754755818342 -0.4981181815695727 -1.6001105353251133 0.9995391368865968 -0.1881446224589301 -0.4759587184192244 -1.446682874631972 0.999661147594452 -0.0506660524749655 -0.4177718995596109 -1.7419163103346786 0.999868094921112 -0.1089389117465582 -0.4103555834793632 -1.6992433279293362 0.9998530745506288 0.2226197295257437 -0.4203658189549216 -1.0751413917000454 0.9999567866325378 -0.3067853944144467 -0.3751944495689926 -0.9408686690948098 0.9999756813049316 0.1664466696678549 -0.1502360513185297 -0.7615576182388942 0.9704888463020324 -0.2041463019252505 -0.1137115902396977 -0.4906524917653689 0.9771831035614014 0.0184890052017723 0.0546938383978469 -0.8919295870063727 0.9585117101669312 -0.0375102897671548 0.0831556086288574 -0.7502617522302472 0.947167992591858 0.0277297760677083 0.1182043694744722 -1.0113353072153668 0.9192259907722472 -0.0133623285901292 0.1421989276393925 -0.8682630387750211 0.902351975440979 0.0054214262613994 0.1208544754021608 -1.1296665939523494 0.9241135120391846 0.0299163048290745 0.1330020955603569 -0.9947503288706816 0.906051218509674 0.0045499991706771 0.0999641083285065 -0.930281105516807 0.9020082354545592 0.0281504861248596 0.1150452166253762 -0.7978029072692491 0.8908621668815613 0.1522305583953318 -0.0047997383558037 -0.0236420168583298 0.9998812079429626 -0.1522305583953318 0.0047997383558037 0.022858460164995 0.9999019503593444 0.2826710379890749 0.3327505765524879 -0.3021147358137141 0.9804345369338988 -0.2871609083842986 0.3197081054903439 -0.1430925250631392 0.9880865216255188 0.3741926222631398 0.6679517738782002 -0.026336217061875 0.9854042530059814 -0.4021824715512214 0.6549186417219826 0.0894108480063917 0.9885913729667664 0.3560801969605952 0.7142987737331482 -0.0297046604382308 0.8916418552398682 -0.3858656422840838 0.7045414542016997 0.0907528564428814 0.8470010757446289 0.450773641119689 0.7627923440798421 -0.6249382658743791 0.977327048778534 -0.4592388235032639 0.7422905367314606 -0.493441188587976 0.9820214509963988
P6/rob_1_frame675.jpg,5,5,0.7551327347755432,-0.0397276645750711 -0.415797711393023 -1.1978306355232902 0.979053258895874 -0.0298849393320183 -0.454043175714535 -1.2028184961853965 0.978501796722412 -0.0233502262617022 -0.4583346759100573 -1.2027088505612342 0.9785983562469482 -0.0168859337395641 -0.4633642535941508 -1.2027893311877236 0.9780019521713256 -0.0510774633845714 -0.4536843354900051 -1.1863871580029106 0.9771845936775208 -0.0582191037482282 -0.4574209623753747 -1.1866734549104443 0.9770410656929016 -0.0649249304441303 -0.46148781825338 -1.1868624736295386 0.9775315523147584 -0.0067312537745693 -0.4815612739616881 -1.0057613130493754 0.973974883556366 -0.076255162862787 -0.4770206714600943 -0.9311810609310988 0.9742404818534852 -0.0262058117933263 -0.4050923113612149 -1.1037024514205924 0.9749126434326172 -0.0498910202039306 -0.4015959265294594 -1.082769735812497 0.9744960069656372 0.0469458169104704 -0.4161838707292969 -0.773849604189924 0.9751887917518616 -0.1183304713090655 -0.3806249087883445 -0.5447130463827556 0.975257694721222 0.0081146529837972 -0.1459124833564981 -0.7066273764132902 0.8788582682609558 -0.1247860881673389 -0.1346579322609161 -0.3550270164520455 0.8476547002792358 -0.1045631156988101 0.080580119740766 -0.8127623101274954 0.847453236579895 -0.1416866505528876 0.0746963583431889 -0.5600856305437147 0.8083891272544861 -0.1178007943418389 0.1406367567838188 -0.8853986597743092 0.8160343170166016 -0.1572766339290937 0.1370354333370194 -0.6080469154506848 0.762718141078949 -0.1320770607026236 0.1309656066378342 -0.933145914207852 0.8184306025505066 -0.1579088498596569 0.1401322761595183 -0.696754240199563 0.7683032155036926 -0.1249616319191537 0.1096805114059592 -0.828752666161626 0.7813082933425903 -0.1475459539619101 0.1193261883261284 -0.5967530008376744 0.7500273585319519 0.0498046327424697 -0.0067967365778882 -0.038987046109151 0.968451976776123 -0.0498046327424697 0.0067967365778882 0.0391869007554855 0.9684312343597412 0.0477776654042173 0.3687011317493299 -0.1859365972117106 0.9303928017616272 -0.1014361849356742 0.389979212614676 -0.0611084862975272 0.9384620785713196 0.0193827713409548 0.7544944288436025 0.0545830834143637 0.9329800605773926 -0.151950237787673 0.7513920483633177 0.1604053413574359 0.9393354058265686 0.0033678650239731 0.8106721211961867 0.0610599914131454 0.8559537529945374 -0.1314293393302597 0.8149890946175243 0.1667311808981381 0.859893262386322 0.0455991508312226 0.8718050943242363 -0.2254855800288882 0.925658106803894 -0.2061343733373133 0.8748369619620466 -0.0954026702737417 0.9312545657157898
P2/jess_1_frame221.jpg,1,1,0.9538066983222961,-0.0521873633287486 -0.4545063195696562 -1.659225021259449 0.9978863000869752 -0.0361809822281948 -0.4848822369000149 -1.6591291557645549 0.9960698485374452 -0.0255184010131538 -0.4867831502909984 -1.6590868346558334 0.9956714510917664 -0.0144462870802902 -0.4895759927392037 -1.6592887367408118 0.9957441091537476 -0.0620792794921521 -0.4888543126172743 -1.6354350634283243 0.9954323172569276 -0.0697858130993873 -0.4928202506046777 -1.6358145504971373 0.9947513341903688 -0.0777289708062152 -0.4974755433367687 -1.6360576045994362 0.9951429963111876 0.0057945430752258 -0.5049119876030536 -1.3669041213155664 0.9917529225349426 -0.0856640617823752 -0.5206667802340801 -1.269882511934737 0.9917526245117188 -0.0357278424011094 -0.4323034033155915 -1.5240532705488994 0.9963228702545166 -0.064300085517775 -0.4368943375660492 -1.4965935348095671 0.996046543121338 0.0830661068707415 -0.3751021869220193 -1.0774670191308982 0.9997643828392028 -0.1582271684143326 -0.4213592464365837 -0.7666288220296434 0.9998946189880372 -0.0151435331919356 -0.1300905579810201 -0.9636204308504304 0.9524567723274232 -0.1999311722398364 -0.1862818839949946 -0.5211797190863342 0.9426944851875304 -0.164861528297574 0.0191307486428399 -1.2069095205209763 0.9440730810165404 -0.2420621282450399 0.019884695687441 -0.7734572510854756 0.9361559152603148 -0.2044606999644488 0.0808272091556857 -1.32261367812873 0.913025677204132 -0.2591624866242191 0.0890758504456339 -0.8386690525324368 0.8929555416107178 -0.218204947658349 0.0719685359726179 -1.4012685108700855 0.9152156114578248 -0.2540526219280762 0.0900072655649294 -0.958093726615208 0.8989625573158264 -0.2018010170268344 0.0451378883162442 -1.2371065668669592 0.8676307201385498 -0.2447300532770324 0.0677856438484462 -0.8229520800082376 0.8830956816673279 0.0726852766833774 -0.0014087259110997 -0.0577565055818329 0.9997009038925172 -0.0726852766833774 0.0014087259110997 0.0577748603168309 0.9998260140419006 0.1162619895698121 0.3201893208097716 -0.5190719641992024 0.947059452533722 -0.1492115447106605 0.3123159578595924 -0.3795319619228287 0.9814592003822328 0.094808577813024 0.6981435938867495 -0.3576836310907324 0.9743094444274902 -0.1942081775583609 0.6888750372584388 -0.1137586579934589 0.9857214093208312 0.0616862309630857 0.7675071896266119 -0.3697713931783443 0.9128323793411256 -0.1653319706773964 0.7534059598733708 -0.1126582799394122 0.9233940243721008 0.192787088505694 0.8063176337797014 -0.7894814608298969 0.9676028490066528 -0.295436119345955 0.7912494485285698 -0.5006781230937918 0.9765012264251708
